1 	 2 	 0 	 0 	 998 
2 	 5 	 0 	 0 	 995 
3 	 8 	 0 	 0 	 992 
4 	 12 	 1 	 0 	 987 
5 	 16 	 3 	 1 	 980 
6 	 19 	 6 	 3 	 972 
7 	 22 	 10 	 7 	 961 
8 	 24 	 13 	 13 	 950 
9 	 25 	 18 	 20 	 937 
10 	 28 	 27 	 28 	 917 
11 	 32 	 43 	 37 	 888 
12 	 34 	 48 	 49 	 869 
13 	 39 	 55 	 67 	 839 
14 	 39 	 62 	 81 	 818 
15 	 39 	 73 	 89 	 799 
16 	 47 	 84 	 93 	 776 
17 	 53 	 96 	 111 	 740 
18 	 54 	 109 	 129 	 708 
19 	 57 	 123 	 139 	 681 
20 	 60 	 137 	 139 	 664 
21 	 60 	 151 	 155 	 634 
22 	 60 	 161 	 155 	 624 
23 	 60 	 176 	 165 	 599 
24 	 60 	 180 	 171 	 589 
25 	 60 	 195 	 177 	 568 
26 	 60 	 202 	 181 	 557 
27 	 60 	 211 	 189 	 540 
28 	 60 	 218 	 203 	 519 
29 	 60 	 225 	 209 	 506 
30 	 60 	 235 	 213 	 492 
31 	 60 	 248 	 217 	 475 
32 	 60 	 256 	 213 	 471 
33 	 60 	 265 	 223 	 452 
34 	 60 	 264 	 230 	 446 
35 	 60 	 273 	 232 	 435 
36 	 60 	 282 	 228 	 430 
37 	 87 	 260 	 243 	 410 
38 	 87 	 266 	 251 	 396 
39 	 87 	 276 	 245 	 392 
40 	 87 	 277 	 251 	 385 
41 	 87 	 282 	 257 	 374 
42 	 87 	 291 	 260 	 362 
43 	 87 	 292 	 268 	 353 
44 	 94 	 289 	 271 	 346 
45 	 94 	 295 	 272 	 339 
46 	 94 	 297 	 268 	 341 
47 	 94 	 308 	 278 	 320 
48 	 94 	 309 	 277 	 320 
49 	 94 	 313 	 282 	 311 
50 	 94 	 312 	 287 	 307 
51 	 94 	 317 	 278 	 311 
52 	 94 	 326 	 281 	 299 
53 	 94 	 328 	 293 	 285 
54 	 94 	 327 	 290 	 289 
55 	 94 	 328 	 294 	 284 
56 	 94 	 334 	 302 	 270 
57 	 94 	 341 	 299 	 266 
58 	 94 	 344 	 299 	 263 
59 	 94 	 346 	 301 	 259 
60 	 94 	 357 	 304 	 245 
61 	 94 	 360 	 298 	 248 
62 	 94 	 357 	 303 	 246 
63 	 94 	 361 	 308 	 237 
64 	 94 	 362 	 308 	 236 
65 	 94 	 367 	 309 	 230 
66 	 94 	 368 	 311 	 227 
67 	 94 	 369 	 308 	 229 
68 	 94 	 371 	 308 	 227 
69 	 120 	 352 	 310 	 218 
70 	 120 	 363 	 311 	 206 
71 	 126 	 355 	 318 	 201 
72 	 152 	 336 	 319 	 193 
73 	 152 	 338 	 317 	 193 
74 	 152 	 336 	 315 	 197 
75 	 152 	 333 	 315 	 200 
76 	 152 	 333 	 319 	 196 
77 	 152 	 332 	 319 	 197 
78 	 152 	 334 	 319 	 195 
79 	 152 	 333 	 319 	 196 
80 	 181 	 317 	 314 	 188 
81 	 181 	 322 	 317 	 180 
82 	 181 	 322 	 315 	 182 
83 	 182 	 323 	 314 	 181 
84 	 182 	 327 	 312 	 179 
85 	 182 	 325 	 314 	 179 
86 	 182 	 324 	 309 	 185 
87 	 182 	 321 	 310 	 187 
88 	 182 	 324 	 311 	 183 
89 	 182 	 327 	 305 	 186 
90 	 182 	 333 	 297 	 188 
91 	 182 	 330 	 294 	 194 
92 	 182 	 331 	 306 	 181 
93 	 188 	 332 	 305 	 175 
94 	 188 	 333 	 305 	 174 
95 	 188 	 339 	 304 	 169 
96 	 188 	 344 	 312 	 156 
97 	 188 	 346 	 311 	 155 
98 	 188 	 345 	 309 	 158 
99 	 188 	 348 	 307 	 157 
100 	 188 	 347 	 297 	 168 
101 	 188 	 347 	 307 	 158 
102 	 188 	 350 	 308 	 154 
103 	 188 	 351 	 312 	 149 
104 	 188 	 359 	 308 	 145 
105 	 188 	 356 	 306 	 150 
106 	 188 	 359 	 297 	 156 
107 	 188 	 360 	 303 	 149 
108 	 188 	 358 	 309 	 145 
109 	 188 	 370 	 309 	 133 
110 	 188 	 364 	 312 	 136 
111 	 188 	 367 	 311 	 134 
112 	 227 	 334 	 304 	 135 
113 	 228 	 334 	 304 	 134 
114 	 228 	 341 	 302 	 129 
115 	 228 	 341 	 298 	 133 
116 	 228 	 337 	 297 	 138 
117 	 228 	 332 	 299 	 141 
118 	 228 	 335 	 298 	 139 
119 	 228 	 331 	 304 	 137 
120 	 228 	 329 	 304 	 139 
121 	 228 	 337 	 306 	 129 
122 	 228 	 342 	 303 	 127 
123 	 228 	 341 	 304 	 127 
124 	 228 	 338 	 300 	 134 
125 	 228 	 342 	 299 	 131 
126 	 228 	 343 	 296 	 133 
127 	 228 	 345 	 294 	 133 
128 	 228 	 342 	 294 	 136 
129 	 228 	 348 	 293 	 131 
130 	 228 	 356 	 288 	 128 
131 	 228 	 351 	 287 	 134 
132 	 228 	 355 	 294 	 123 
133 	 228 	 358 	 286 	 128 
134 	 228 	 360 	 280 	 132 
135 	 228 	 363 	 283 	 126 
136 	 228 	 362 	 285 	 125 
137 	 228 	 353 	 283 	 136 
138 	 228 	 352 	 283 	 137 
139 	 228 	 361 	 279 	 132 
140 	 262 	 336 	 280 	 122 
141 	 262 	 337 	 283 	 118 
142 	 262 	 338 	 281 	 119 
143 	 262 	 335 	 279 	 124 
144 	 262 	 336 	 282 	 120 
145 	 262 	 335 	 280 	 123 
146 	 292 	 307 	 278 	 123 
147 	 297 	 302 	 281 	 120 
148 	 297 	 305 	 284 	 114 
149 	 297 	 302 	 281 	 120 
150 	 297 	 304 	 280 	 119 
151 	 297 	 305 	 276 	 122 
152 	 297 	 303 	 271 	 129 
153 	 297 	 304 	 264 	 135 
154 	 297 	 308 	 269 	 126 
155 	 297 	 310 	 269 	 124 
156 	 297 	 315 	 268 	 120 
157 	 297 	 307 	 273 	 123 
158 	 297 	 314 	 276 	 113 
159 	 320 	 297 	 275 	 108 
160 	 320 	 305 	 274 	 101 
161 	 320 	 307 	 269 	 104 
162 	 320 	 306 	 266 	 108 
163 	 320 	 297 	 263 	 120 
164 	 320 	 298 	 262 	 120 
165 	 320 	 301 	 267 	 112 
166 	 320 	 311 	 268 	 101 
167 	 320 	 311 	 270 	 99 
168 	 320 	 306 	 270 	 104 
169 	 320 	 311 	 270 	 99 
170 	 320 	 309 	 263 	 108 
171 	 328 	 306 	 267 	 99 
172 	 328 	 307 	 268 	 97 
173 	 328 	 308 	 266 	 98 
174 	 328 	 303 	 262 	 107 
175 	 353 	 279 	 266 	 102 
176 	 364 	 274 	 264 	 98 
177 	 364 	 282 	 263 	 91 
178 	 364 	 287 	 266 	 83 
179 	 364 	 282 	 263 	 91 
180 	 364 	 279 	 268 	 89 
181 	 364 	 283 	 270 	 83 
182 	 364 	 283 	 270 	 83 
183 	 364 	 286 	 266 	 84 
184 	 366 	 285 	 266 	 83 
185 	 366 	 287 	 268 	 79 
186 	 366 	 280 	 262 	 92 
187 	 366 	 281 	 259 	 94 
188 	 366 	 290 	 255 	 89 
189 	 366 	 286 	 254 	 94 
190 	 366 	 291 	 249 	 94 
191 	 366 	 294 	 242 	 98 
192 	 366 	 299 	 244 	 91 
193 	 366 	 300 	 249 	 85 
194 	 366 	 299 	 251 	 84 
195 	 366 	 296 	 253 	 85 
196 	 366 	 294 	 243 	 97 
197 	 370 	 296 	 240 	 94 
198 	 370 	 299 	 243 	 88 
199 	 370 	 302 	 240 	 88 
200 	 370 	 298 	 238 	 94 
201 	 370 	 294 	 241 	 95 
202 	 370 	 294 	 239 	 97 
203 	 370 	 302 	 239 	 89 
204 	 370 	 301 	 235 	 94 
205 	 370 	 301 	 236 	 93 
206 	 370 	 301 	 235 	 94 
207 	 370 	 306 	 232 	 92 
208 	 370 	 306 	 230 	 94 
209 	 370 	 311 	 229 	 90 
210 	 370 	 305 	 227 	 98 
211 	 370 	 305 	 222 	 103 
212 	 370 	 305 	 221 	 104 
213 	 370 	 309 	 225 	 96 
214 	 370 	 314 	 220 	 96 
215 	 370 	 311 	 224 	 95 
216 	 370 	 314 	 227 	 89 
217 	 370 	 317 	 224 	 89 
218 	 370 	 316 	 226 	 88 
219 	 370 	 317 	 230 	 83 
220 	 370 	 318 	 227 	 85 
221 	 370 	 319 	 227 	 84 
222 	 370 	 324 	 225 	 81 
223 	 370 	 324 	 219 	 87 
224 	 370 	 323 	 217 	 90 
225 	 370 	 324 	 218 	 88 
226 	 370 	 323 	 223 	 84 
227 	 370 	 321 	 220 	 89 
228 	 370 	 327 	 219 	 84 
229 	 370 	 330 	 221 	 79 
230 	 370 	 333 	 221 	 76 
231 	 370 	 335 	 220 	 75 
232 	 370 	 340 	 217 	 73 
233 	 370 	 339 	 218 	 73 
234 	 370 	 334 	 220 	 76 
235 	 370 	 339 	 222 	 69 
236 	 370 	 338 	 215 	 77 
237 	 370 	 333 	 217 	 80 
238 	 370 	 335 	 217 	 78 
239 	 370 	 336 	 215 	 79 
240 	 370 	 334 	 211 	 85 
241 	 370 	 335 	 213 	 82 
242 	 370 	 334 	 213 	 83 
243 	 370 	 337 	 214 	 79 
244 	 370 	 336 	 211 	 83 
245 	 445 	 266 	 205 	 84 
246 	 445 	 271 	 209 	 75 
247 	 445 	 265 	 210 	 80 
248 	 445 	 260 	 207 	 88 
249 	 445 	 266 	 209 	 80 
250 	 445 	 268 	 210 	 77 
251 	 445 	 266 	 213 	 76 
252 	 445 	 269 	 210 	 76 
253 	 445 	 266 	 206 	 83 
254 	 454 	 263 	 205 	 78 
255 	 454 	 266 	 203 	 77 
256 	 454 	 266 	 204 	 76 
257 	 454 	 266 	 204 	 76 
258 	 454 	 264 	 205 	 77 
259 	 454 	 266 	 201 	 79 
260 	 454 	 266 	 201 	 79 
261 	 454 	 265 	 198 	 83 
262 	 454 	 269 	 197 	 80 
263 	 454 	 272 	 189 	 85 
264 	 454 	 274 	 192 	 80 
265 	 454 	 277 	 186 	 83 
266 	 454 	 280 	 186 	 80 
267 	 454 	 281 	 188 	 77 
268 	 454 	 279 	 187 	 80 
269 	 454 	 274 	 193 	 79 
270 	 514 	 219 	 190 	 77 
271 	 514 	 219 	 188 	 79 
272 	 514 	 223 	 186 	 77 
273 	 514 	 226 	 188 	 72 
274 	 514 	 221 	 185 	 80 
275 	 514 	 219 	 182 	 85 
276 	 514 	 227 	 185 	 74 
277 	 514 	 228 	 186 	 72 
278 	 514 	 229 	 184 	 73 
279 	 514 	 227 	 181 	 78 
280 	 514 	 228 	 181 	 77 
281 	 514 	 231 	 181 	 74 
282 	 514 	 233 	 181 	 72 
283 	 514 	 234 	 178 	 74 
284 	 535 	 221 	 183 	 61 
285 	 535 	 221 	 178 	 66 
286 	 535 	 220 	 182 	 63 
287 	 551 	 210 	 179 	 60 
288 	 551 	 217 	 178 	 54 
289 	 551 	 212 	 177 	 60 
290 	 551 	 210 	 178 	 61 
291 	 551 	 206 	 178 	 65 
292 	 551 	 201 	 175 	 73 
293 	 551 	 210 	 176 	 63 
294 	 551 	 217 	 174 	 58 
295 	 551 	 216 	 175 	 58 
296 	 551 	 218 	 171 	 60 
297 	 551 	 221 	 171 	 57 
298 	 551 	 221 	 172 	 56 
299 	 551 	 218 	 170 	 61 
300 	 568 	 205 	 163 	 64 
301 	 568 	 211 	 159 	 62 
302 	 568 	 211 	 157 	 64 
303 	 572 	 209 	 151 	 68 
304 	 572 	 211 	 158 	 59 
305 	 572 	 213 	 156 	 59 
306 	 572 	 209 	 152 	 67 
307 	 572 	 208 	 146 	 74 
308 	 572 	 208 	 146 	 74 
309 	 572 	 208 	 142 	 78 
310 	 572 	 212 	 140 	 76 
311 	 579 	 206 	 140 	 75 
312 	 579 	 209 	 139 	 73 
313 	 579 	 209 	 133 	 79 
314 	 579 	 209 	 139 	 73 
315 	 579 	 209 	 140 	 72 
316 	 579 	 209 	 141 	 71 
317 	 579 	 208 	 137 	 76 
318 	 579 	 209 	 137 	 75 
319 	 600 	 192 	 137 	 71 
320 	 600 	 197 	 133 	 70 
321 	 600 	 199 	 135 	 66 
322 	 600 	 204 	 137 	 59 
323 	 600 	 206 	 137 	 57 
324 	 600 	 206 	 134 	 60 
325 	 600 	 204 	 133 	 63 
326 	 600 	 202 	 134 	 64 
327 	 600 	 202 	 132 	 66 
328 	 600 	 205 	 133 	 62 
329 	 600 	 206 	 131 	 63 
330 	 600 	 205 	 131 	 64 
331 	 600 	 206 	 131 	 63 
332 	 600 	 210 	 130 	 60 
333 	 600 	 214 	 129 	 57 
334 	 600 	 216 	 129 	 55 
335 	 600 	 216 	 130 	 54 
336 	 601 	 219 	 130 	 50 
337 	 601 	 214 	 131 	 54 
338 	 601 	 215 	 129 	 55 
339 	 601 	 217 	 129 	 53 
340 	 601 	 216 	 123 	 60 
341 	 601 	 217 	 120 	 62 
342 	 628 	 192 	 119 	 61 
343 	 628 	 196 	 122 	 54 
344 	 628 	 194 	 123 	 55 
345 	 629 	 189 	 123 	 59 
346 	 632 	 190 	 120 	 58 
347 	 641 	 183 	 123 	 53 
348 	 641 	 185 	 123 	 51 
349 	 641 	 184 	 126 	 49 
350 	 641 	 189 	 123 	 47 
351 	 641 	 190 	 120 	 49 
352 	 641 	 193 	 119 	 47 
353 	 641 	 192 	 116 	 51 
354 	 641 	 194 	 119 	 46 
355 	 641 	 193 	 116 	 50 
356 	 641 	 195 	 118 	 46 
357 	 641 	 191 	 117 	 51 
358 	 641 	 194 	 116 	 49 
359 	 641 	 195 	 113 	 51 
360 	 641 	 201 	 113 	 45 
361 	 641 	 197 	 115 	 47 
362 	 641 	 195 	 114 	 50 
363 	 651 	 188 	 110 	 51 
364 	 651 	 188 	 112 	 49 
365 	 651 	 189 	 109 	 51 
366 	 651 	 191 	 109 	 49 
367 	 651 	 193 	 105 	 51 
368 	 676 	 167 	 104 	 53 
369 	 676 	 176 	 106 	 42 
370 	 676 	 176 	 105 	 43 
371 	 676 	 175 	 107 	 42 
372 	 676 	 177 	 104 	 43 
373 	 676 	 175 	 102 	 47 
374 	 676 	 181 	 102 	 41 
375 	 676 	 175 	 102 	 47 
376 	 676 	 182 	 97 	 45 
377 	 676 	 183 	 97 	 44 
378 	 676 	 181 	 96 	 47 
379 	 676 	 180 	 95 	 49 
380 	 676 	 183 	 96 	 45 
381 	 676 	 186 	 95 	 43 
382 	 676 	 185 	 97 	 42 
383 	 676 	 184 	 96 	 44 
384 	 693 	 174 	 94 	 39 
385 	 693 	 172 	 93 	 42 
386 	 693 	 175 	 93 	 39 
387 	 693 	 172 	 95 	 40 
388 	 693 	 175 	 92 	 40 
389 	 693 	 179 	 91 	 37 
390 	 693 	 178 	 90 	 39 
391 	 693 	 180 	 90 	 37 
392 	 693 	 185 	 90 	 32 
393 	 693 	 183 	 87 	 37 
394 	 693 	 185 	 87 	 35 
395 	 693 	 183 	 88 	 36 
396 	 693 	 181 	 89 	 37 
397 	 693 	 182 	 83 	 42 
398 	 693 	 182 	 83 	 42 
399 	 693 	 184 	 80 	 43 
400 	 693 	 181 	 81 	 45 
401 	 693 	 185 	 80 	 42 
402 	 693 	 183 	 83 	 41 
403 	 693 	 184 	 85 	 38 
404 	 693 	 183 	 82 	 42 
405 	 693 	 180 	 83 	 44 
406 	 723 	 156 	 84 	 37 
407 	 723 	 161 	 82 	 34 
408 	 723 	 161 	 81 	 35 
409 	 723 	 158 	 75 	 44 
410 	 723 	 157 	 78 	 42 
411 	 736 	 148 	 78 	 38 
412 	 736 	 151 	 78 	 35 
413 	 736 	 152 	 79 	 33 
414 	 749 	 143 	 77 	 31 
415 	 749 	 142 	 76 	 33 
416 	 749 	 145 	 77 	 29 
417 	 749 	 138 	 71 	 42 
418 	 749 	 139 	 71 	 41 
419 	 749 	 141 	 73 	 37 
420 	 749 	 141 	 72 	 38 
421 	 749 	 149 	 70 	 32 
422 	 749 	 148 	 70 	 33 
423 	 749 	 144 	 70 	 37 
424 	 749 	 149 	 72 	 30 
425 	 749 	 153 	 72 	 26 
426 	 749 	 156 	 71 	 24 
427 	 749 	 157 	 69 	 25 
428 	 768 	 135 	 69 	 28 
429 	 786 	 120 	 66 	 28 
430 	 786 	 119 	 65 	 30 
431 	 786 	 120 	 66 	 28 
432 	 786 	 119 	 62 	 33 
433 	 786 	 119 	 65 	 30 
434 	 786 	 122 	 65 	 27 
435 	 786 	 126 	 66 	 22 
436 	 786 	 123 	 63 	 28 
437 	 786 	 124 	 58 	 32 
438 	 786 	 124 	 61 	 29 
439 	 786 	 125 	 57 	 32 
440 	 786 	 127 	 58 	 29 
441 	 786 	 127 	 61 	 26 
442 	 786 	 123 	 61 	 30 
443 	 786 	 125 	 59 	 30 
444 	 786 	 123 	 55 	 36 
445 	 796 	 118 	 53 	 33 
446 	 796 	 119 	 54 	 31 
447 	 796 	 121 	 49 	 34 
448 	 796 	 121 	 50 	 33 
449 	 796 	 123 	 51 	 30 
450 	 796 	 122 	 50 	 32 
451 	 796 	 127 	 50 	 27 
452 	 796 	 129 	 49 	 26 
453 	 796 	 125 	 49 	 30 
454 	 796 	 127 	 51 	 26 
455 	 796 	 127 	 52 	 25 
456 	 796 	 135 	 50 	 19 
457 	 796 	 135 	 47 	 22 
458 	 796 	 137 	 49 	 18 
459 	 796 	 135 	 46 	 23 
460 	 796 	 140 	 48 	 16 
461 	 796 	 142 	 48 	 14 
462 	 796 	 142 	 47 	 15 
463 	 796 	 142 	 46 	 16 
464 	 796 	 143 	 44 	 17 
465 	 796 	 143 	 45 	 16 
466 	 796 	 141 	 42 	 21 
467 	 796 	 146 	 43 	 15 
468 	 796 	 145 	 41 	 18 
469 	 796 	 144 	 41 	 19 
470 	 796 	 143 	 41 	 20 
471 	 796 	 145 	 40 	 19 
472 	 796 	 150 	 39 	 15 
473 	 796 	 149 	 36 	 19 
474 	 796 	 149 	 35 	 20 
475 	 796 	 146 	 35 	 23 
476 	 821 	 125 	 36 	 18 
477 	 852 	 96 	 35 	 17 
478 	 852 	 95 	 35 	 18 
479 	 852 	 94 	 34 	 20 
480 	 852 	 96 	 34 	 18 
481 	 875 	 76 	 33 	 16 
482 	 886 	 69 	 34 	 11 
483 	 886 	 70 	 32 	 12 
484 	 886 	 74 	 30 	 10 
485 	 886 	 73 	 30 	 11 
486 	 886 	 76 	 29 	 9 
487 	 886 	 74 	 28 	 12 
488 	 886 	 78 	 28 	 8 
489 	 886 	 78 	 26 	 10 
490 	 886 	 78 	 26 	 10 
491 	 886 	 78 	 26 	 10 
492 	 886 	 80 	 25 	 9 
493 	 886 	 83 	 24 	 7 
494 	 886 	 83 	 22 	 9 
495 	 886 	 83 	 23 	 8 
496 	 886 	 83 	 23 	 8 
497 	 886 	 83 	 24 	 7 
498 	 886 	 82 	 24 	 8 
499 	 886 	 81 	 23 	 10 
500 	 886 	 82 	 23 	 9 
501 	 893 	 77 	 22 	 8 
502 	 893 	 84 	 21 	 2 
503 	 893 	 84 	 21 	 2 
504 	 893 	 84 	 19 	 4 
505 	 893 	 84 	 19 	 4 
506 	 893 	 84 	 19 	 4 
507 	 893 	 85 	 19 	 3 
508 	 893 	 85 	 18 	 4 
509 	 893 	 86 	 18 	 3 
510 	 893 	 86 	 17 	 4 
511 	 893 	 85 	 16 	 6 
512 	 893 	 87 	 16 	 4 
513 	 893 	 87 	 13 	 7 
514 	 893 	 87 	 12 	 8 
515 	 893 	 89 	 13 	 5 
516 	 893 	 89 	 12 	 6 
517 	 893 	 90 	 12 	 5 
518 	 893 	 91 	 12 	 4 
519 	 893 	 91 	 10 	 6 
520 	 893 	 91 	 9 	 7 
521 	 893 	 92 	 7 	 8 
522 	 893 	 91 	 5 	 11 
523 	 893 	 90 	 8 	 9 
524 	 893 	 90 	 8 	 9 
525 	 893 	 91 	 8 	 8 
526 	 893 	 94 	 8 	 5 
527 	 893 	 96 	 8 	 3 
528 	 893 	 98 	 7 	 2 
529 	 893 	 98 	 6 	 3 
530 	 893 	 98 	 6 	 3 
531 	 893 	 98 	 6 	 3 
532 	 893 	 99 	 6 	 2 
533 	 893 	 101 	 6 	 0 
534 	 893 	 100 	 6 	 1 
535 	 893 	 98 	 6 	 3 
536 	 903 	 87 	 6 	 4 
537 	 976 	 19 	 4 	 1 
538 	 976 	 19 	 4 	 1 
539 	 976 	 19 	 4 	 1 
540 	 976 	 19 	 4 	 1 
541 	 976 	 19 	 3 	 2 
542 	 976 	 18 	 3 	 3 
543 	 981 	 16 	 2 	 1 
544 	 981 	 16 	 2 	 1 
545 	 981 	 16 	 2 	 1 
546 	 981 	 17 	 1 	 1 
547 	 981 	 17 	 1 	 1 
548 	 981 	 17 	 1 	 1 
549 	 981 	 17 	 1 	 1 
550 	 981 	 18 	 1 	 0 
551 	 981 	 18 	 1 	 0 
552 	 981 	 18 	 1 	 0 
553 	 981 	 18 	 1 	 0 
554 	 981 	 18 	 1 	 0 
555 	 981 	 18 	 1 	 0 
556 	 981 	 18 	 1 	 0 
557 	 981 	 18 	 1 	 0 
558 	 981 	 18 	 1 	 0 
559 	 981 	 18 	 1 	 0 
560 	 981 	 18 	 1 	 0 
561 	 981 	 18 	 1 	 0 
562 	 981 	 18 	 1 	 0 
563 	 981 	 18 	 1 	 0 
564 	 981 	 18 	 1 	 0 
565 	 981 	 18 	 1 	 0 
566 	 981 	 18 	 1 	 0 
567 	 982 	 18 	 0 	 0 
568 	 982 	 18 	 0 	 0 
569 	 982 	 18 	 0 	 0 
570 	 982 	 18 	 0 	 0 
571 	 982 	 18 	 0 	 0 
572 	 982 	 18 	 0 	 0 
573 	 982 	 18 	 0 	 0 
574 	 982 	 18 	 0 	 0 
575 	 982 	 18 	 0 	 0 
576 	 982 	 18 	 0 	 0 
577 	 982 	 18 	 0 	 0 
578 	 982 	 18 	 0 	 0 
579 	 982 	 18 	 0 	 0 
580 	 982 	 18 	 0 	 0 
581 	 982 	 18 	 0 	 0 
582 	 982 	 18 	 0 	 0 
583 	 982 	 18 	 0 	 0 
