1 	 2 	 0 	 0 	 1998 
2 	 5 	 0 	 0 	 1995 
3 	 8 	 0 	 0 	 1992 
4 	 10 	 0 	 0 	 1990 
5 	 11 	 3 	 2 	 1984 
6 	 14 	 7 	 4 	 1975 
7 	 17 	 12 	 11 	 1960 
8 	 19 	 16 	 18 	 1947 
9 	 21 	 23 	 26 	 1930 
10 	 23 	 33 	 33 	 1911 
11 	 24 	 40 	 46 	 1890 
12 	 28 	 58 	 55 	 1859 
13 	 29 	 67 	 67 	 1837 
14 	 33 	 86 	 89 	 1792 
15 	 35 	 100 	 105 	 1760 
16 	 35 	 116 	 120 	 1729 
17 	 41 	 129 	 148 	 1682 
18 	 42 	 147 	 166 	 1645 
19 	 42 	 159 	 183 	 1616 
20 	 42 	 187 	 201 	 1570 
21 	 42 	 201 	 217 	 1540 
22 	 42 	 220 	 241 	 1497 
23 	 57 	 235 	 261 	 1447 
24 	 60 	 256 	 276 	 1408 
25 	 61 	 268 	 291 	 1380 
26 	 63 	 284 	 311 	 1342 
27 	 65 	 302 	 328 	 1305 
28 	 65 	 324 	 337 	 1274 
29 	 65 	 341 	 346 	 1248 
30 	 65 	 362 	 361 	 1212 
31 	 65 	 377 	 377 	 1181 
32 	 65 	 391 	 385 	 1159 
33 	 65 	 407 	 391 	 1137 
34 	 65 	 422 	 405 	 1108 
35 	 66 	 432 	 414 	 1088 
36 	 66 	 457 	 427 	 1050 
37 	 66 	 467 	 442 	 1025 
38 	 66 	 473 	 454 	 1007 
39 	 72 	 476 	 457 	 995 
40 	 72 	 487 	 471 	 970 
41 	 72 	 490 	 480 	 958 
42 	 72 	 512 	 486 	 930 
43 	 72 	 524 	 504 	 900 
44 	 72 	 535 	 508 	 885 
45 	 72 	 542 	 523 	 863 
46 	 72 	 560 	 531 	 837 
47 	 72 	 565 	 538 	 825 
48 	 72 	 572 	 547 	 809 
49 	 72 	 581 	 559 	 788 
50 	 72 	 594 	 562 	 772 
51 	 72 	 600 	 572 	 756 
52 	 72 	 603 	 583 	 742 
53 	 72 	 610 	 590 	 728 
54 	 72 	 620 	 593 	 715 
55 	 72 	 637 	 600 	 691 
56 	 72 	 643 	 605 	 680 
57 	 72 	 657 	 604 	 667 
58 	 99 	 631 	 617 	 653 
59 	 99 	 644 	 629 	 628 
60 	 99 	 650 	 635 	 616 
61 	 99 	 657 	 638 	 606 
62 	 99 	 671 	 651 	 579 
63 	 99 	 683 	 654 	 564 
64 	 99 	 685 	 661 	 555 
65 	 100 	 694 	 656 	 550 
66 	 100 	 702 	 663 	 535 
67 	 100 	 715 	 669 	 516 
68 	 100 	 726 	 672 	 502 
69 	 100 	 725 	 665 	 510 
70 	 100 	 736 	 674 	 490 
71 	 100 	 752 	 673 	 475 
72 	 100 	 754 	 681 	 465 
73 	 100 	 756 	 682 	 462 
74 	 110 	 754 	 679 	 457 
75 	 110 	 762 	 689 	 439 
76 	 110 	 766 	 690 	 434 
77 	 110 	 761 	 682 	 447 
78 	 110 	 760 	 688 	 442 
79 	 110 	 750 	 692 	 448 
80 	 110 	 761 	 693 	 436 
81 	 110 	 768 	 700 	 422 
82 	 110 	 782 	 710 	 398 
83 	 110 	 791 	 710 	 389 
84 	 110 	 795 	 713 	 382 
85 	 110 	 798 	 710 	 382 
86 	 110 	 795 	 718 	 377 
87 	 110 	 803 	 722 	 365 
88 	 110 	 811 	 725 	 354 
89 	 110 	 808 	 727 	 355 
90 	 110 	 811 	 734 	 345 
91 	 110 	 820 	 736 	 334 
92 	 110 	 817 	 737 	 336 
93 	 110 	 825 	 726 	 339 
94 	 110 	 837 	 725 	 328 
95 	 110 	 837 	 722 	 331 
96 	 110 	 847 	 731 	 312 
97 	 110 	 851 	 725 	 314 
98 	 110 	 848 	 730 	 312 
99 	 110 	 847 	 731 	 312 
100 	 110 	 848 	 732 	 310 
101 	 110 	 850 	 731 	 309 
102 	 110 	 843 	 735 	 312 
103 	 110 	 844 	 735 	 311 
104 	 110 	 855 	 734 	 301 
105 	 110 	 860 	 733 	 297 
106 	 110 	 863 	 733 	 294 
107 	 110 	 869 	 739 	 282 
108 	 178 	 804 	 747 	 271 
109 	 178 	 806 	 747 	 269 
110 	 178 	 810 	 747 	 265 
111 	 178 	 808 	 747 	 267 
112 	 178 	 811 	 745 	 266 
113 	 178 	 810 	 745 	 267 
114 	 178 	 810 	 745 	 267 
115 	 178 	 808 	 745 	 269 
116 	 178 	 808 	 743 	 271 
117 	 178 	 808 	 743 	 271 
118 	 178 	 807 	 733 	 282 
119 	 178 	 816 	 745 	 261 
120 	 178 	 810 	 749 	 263 
121 	 178 	 820 	 750 	 252 
122 	 178 	 817 	 746 	 259 
123 	 178 	 826 	 743 	 253 
124 	 178 	 833 	 745 	 244 
125 	 178 	 829 	 748 	 245 
126 	 178 	 841 	 746 	 235 
127 	 178 	 842 	 744 	 236 
128 	 178 	 842 	 741 	 239 
129 	 178 	 841 	 733 	 248 
130 	 178 	 845 	 739 	 238 
131 	 178 	 840 	 734 	 248 
132 	 220 	 795 	 737 	 248 
133 	 220 	 803 	 738 	 239 
134 	 220 	 802 	 729 	 249 
135 	 227 	 793 	 734 	 246 
136 	 227 	 795 	 738 	 240 
137 	 240 	 784 	 750 	 226 
138 	 240 	 778 	 747 	 235 
139 	 240 	 785 	 743 	 232 
140 	 240 	 783 	 745 	 232 
141 	 240 	 785 	 739 	 236 
142 	 240 	 792 	 742 	 226 
143 	 240 	 797 	 741 	 222 
144 	 240 	 798 	 735 	 227 
145 	 240 	 800 	 735 	 225 
146 	 244 	 795 	 740 	 221 
147 	 244 	 800 	 749 	 207 
148 	 244 	 796 	 752 	 208 
149 	 244 	 803 	 752 	 201 
150 	 244 	 800 	 744 	 212 
151 	 244 	 799 	 743 	 214 
152 	 244 	 804 	 741 	 211 
153 	 244 	 809 	 733 	 214 
154 	 244 	 804 	 741 	 211 
155 	 244 	 810 	 746 	 200 
156 	 244 	 806 	 747 	 203 
157 	 244 	 807 	 746 	 203 
158 	 259 	 801 	 751 	 189 
159 	 259 	 808 	 747 	 186 
160 	 259 	 808 	 744 	 189 
161 	 259 	 812 	 748 	 181 
162 	 259 	 818 	 746 	 177 
163 	 259 	 818 	 745 	 178 
164 	 259 	 822 	 746 	 173 
165 	 259 	 817 	 743 	 181 
166 	 259 	 818 	 748 	 175 
167 	 259 	 824 	 741 	 176 
168 	 259 	 826 	 745 	 170 
169 	 259 	 822 	 748 	 171 
170 	 259 	 820 	 738 	 183 
171 	 259 	 822 	 738 	 181 
172 	 259 	 821 	 741 	 179 
173 	 259 	 819 	 748 	 174 
174 	 259 	 820 	 746 	 175 
175 	 270 	 808 	 739 	 183 
176 	 270 	 810 	 732 	 188 
177 	 270 	 794 	 737 	 199 
178 	 270 	 804 	 737 	 189 
179 	 270 	 818 	 731 	 181 
180 	 272 	 820 	 723 	 185 
181 	 272 	 821 	 729 	 178 
182 	 272 	 819 	 734 	 175 
183 	 272 	 814 	 732 	 182 
184 	 272 	 821 	 728 	 179 
185 	 272 	 824 	 724 	 180 
186 	 272 	 826 	 720 	 182 
187 	 272 	 826 	 721 	 181 
188 	 272 	 826 	 722 	 180 
189 	 272 	 825 	 732 	 171 
190 	 272 	 824 	 727 	 177 
191 	 272 	 832 	 728 	 168 
192 	 272 	 821 	 734 	 173 
193 	 272 	 825 	 733 	 170 
194 	 272 	 821 	 726 	 181 
195 	 272 	 833 	 719 	 176 
196 	 272 	 828 	 714 	 186 
197 	 272 	 829 	 713 	 186 
198 	 272 	 837 	 710 	 181 
199 	 272 	 840 	 716 	 172 
200 	 272 	 830 	 712 	 186 
201 	 272 	 832 	 713 	 183 
202 	 291 	 822 	 707 	 180 
203 	 291 	 824 	 709 	 176 
204 	 291 	 827 	 710 	 172 
205 	 291 	 820 	 709 	 180 
206 	 294 	 821 	 711 	 174 
207 	 294 	 824 	 715 	 167 
208 	 294 	 824 	 707 	 175 
209 	 294 	 823 	 704 	 179 
210 	 294 	 822 	 695 	 189 
211 	 294 	 823 	 706 	 177 
212 	 294 	 816 	 711 	 179 
213 	 294 	 819 	 713 	 174 
214 	 294 	 825 	 719 	 162 
215 	 294 	 822 	 715 	 169 
216 	 294 	 826 	 709 	 171 
217 	 294 	 830 	 708 	 168 
218 	 294 	 838 	 713 	 155 
219 	 294 	 842 	 710 	 154 
220 	 294 	 839 	 707 	 160 
221 	 316 	 825 	 703 	 156 
222 	 316 	 819 	 698 	 167 
223 	 316 	 823 	 708 	 153 
224 	 316 	 824 	 702 	 158 
225 	 316 	 818 	 698 	 168 
226 	 316 	 817 	 700 	 167 
227 	 316 	 817 	 699 	 168 
228 	 316 	 815 	 693 	 176 
229 	 316 	 810 	 698 	 176 
230 	 316 	 807 	 696 	 181 
231 	 316 	 812 	 693 	 179 
232 	 316 	 820 	 687 	 177 
233 	 316 	 818 	 691 	 175 
234 	 316 	 822 	 688 	 174 
235 	 316 	 819 	 693 	 172 
236 	 316 	 821 	 685 	 178 
237 	 376 	 765 	 684 	 175 
238 	 376 	 758 	 683 	 183 
239 	 376 	 762 	 681 	 181 
240 	 376 	 771 	 682 	 171 
241 	 376 	 769 	 685 	 170 
242 	 376 	 771 	 676 	 177 
243 	 376 	 773 	 678 	 173 
244 	 376 	 779 	 680 	 165 
245 	 376 	 776 	 672 	 176 
246 	 376 	 782 	 678 	 164 
247 	 376 	 784 	 677 	 163 
248 	 376 	 780 	 678 	 166 
249 	 376 	 781 	 679 	 164 
250 	 376 	 785 	 676 	 163 
251 	 376 	 783 	 668 	 173 
252 	 376 	 782 	 669 	 173 
253 	 376 	 778 	 672 	 174 
254 	 385 	 771 	 672 	 172 
255 	 385 	 773 	 676 	 166 
256 	 385 	 777 	 672 	 166 
257 	 385 	 781 	 677 	 157 
258 	 385 	 780 	 676 	 159 
259 	 385 	 779 	 672 	 164 
260 	 385 	 779 	 663 	 173 
261 	 385 	 778 	 665 	 172 
262 	 403 	 764 	 669 	 164 
263 	 403 	 766 	 671 	 160 
264 	 403 	 767 	 668 	 162 
265 	 403 	 774 	 671 	 152 
266 	 403 	 771 	 666 	 160 
267 	 403 	 770 	 666 	 161 
268 	 403 	 768 	 664 	 165 
269 	 403 	 770 	 663 	 164 
270 	 403 	 770 	 661 	 166 
271 	 403 	 774 	 663 	 160 
272 	 403 	 781 	 656 	 160 
273 	 403 	 782 	 657 	 158 
274 	 403 	 778 	 656 	 163 
275 	 403 	 779 	 659 	 159 
276 	 403 	 779 	 659 	 159 
277 	 403 	 779 	 661 	 157 
278 	 403 	 794 	 660 	 143 
279 	 403 	 794 	 659 	 144 
280 	 403 	 794 	 659 	 144 
281 	 403 	 790 	 659 	 148 
282 	 403 	 802 	 664 	 131 
283 	 403 	 801 	 658 	 138 
284 	 403 	 799 	 656 	 142 
285 	 403 	 797 	 656 	 144 
286 	 403 	 792 	 656 	 149 
287 	 403 	 794 	 651 	 152 
288 	 403 	 793 	 655 	 149 
289 	 403 	 794 	 655 	 148 
290 	 403 	 795 	 656 	 146 
291 	 403 	 799 	 658 	 140 
292 	 403 	 806 	 652 	 139 
293 	 403 	 799 	 656 	 142 
294 	 403 	 798 	 656 	 143 
295 	 403 	 806 	 651 	 140 
296 	 403 	 809 	 645 	 143 
297 	 403 	 811 	 642 	 144 
298 	 403 	 810 	 639 	 148 
299 	 455 	 751 	 641 	 153 
300 	 455 	 752 	 644 	 149 
301 	 455 	 755 	 640 	 150 
302 	 455 	 752 	 636 	 157 
303 	 455 	 755 	 637 	 153 
304 	 455 	 753 	 633 	 159 
305 	 455 	 751 	 633 	 161 
306 	 455 	 755 	 632 	 158 
307 	 455 	 759 	 632 	 154 
308 	 455 	 761 	 632 	 152 
309 	 455 	 763 	 636 	 146 
310 	 455 	 763 	 636 	 146 
311 	 455 	 769 	 638 	 138 
312 	 455 	 771 	 637 	 137 
313 	 455 	 777 	 638 	 130 
314 	 455 	 772 	 639 	 134 
315 	 455 	 778 	 637 	 130 
316 	 455 	 779 	 633 	 133 
317 	 455 	 772 	 630 	 143 
318 	 510 	 713 	 627 	 150 
319 	 510 	 717 	 625 	 148 
320 	 510 	 711 	 621 	 158 
321 	 510 	 721 	 620 	 149 
322 	 510 	 721 	 615 	 154 
323 	 510 	 725 	 620 	 145 
324 	 510 	 718 	 615 	 157 
325 	 510 	 718 	 612 	 160 
326 	 510 	 721 	 612 	 157 
327 	 510 	 716 	 618 	 156 
328 	 510 	 708 	 616 	 166 
329 	 510 	 722 	 610 	 158 
330 	 510 	 723 	 609 	 158 
331 	 510 	 732 	 613 	 145 
332 	 510 	 731 	 614 	 145 
333 	 510 	 734 	 618 	 138 
334 	 531 	 719 	 612 	 138 
335 	 531 	 713 	 616 	 140 
336 	 531 	 706 	 612 	 151 
337 	 531 	 709 	 611 	 149 
338 	 531 	 708 	 615 	 146 
339 	 531 	 711 	 617 	 141 
340 	 531 	 715 	 623 	 131 
341 	 531 	 714 	 620 	 135 
342 	 531 	 714 	 611 	 144 
343 	 531 	 727 	 612 	 130 
344 	 531 	 728 	 619 	 122 
345 	 531 	 724 	 616 	 129 
346 	 531 	 730 	 613 	 126 
347 	 531 	 729 	 608 	 132 
348 	 531 	 727 	 603 	 139 
349 	 531 	 726 	 602 	 141 
350 	 531 	 721 	 603 	 145 
351 	 531 	 722 	 607 	 140 
352 	 531 	 719 	 605 	 145 
353 	 531 	 718 	 609 	 142 
354 	 531 	 722 	 607 	 140 
355 	 531 	 728 	 603 	 138 
356 	 531 	 738 	 606 	 125 
357 	 531 	 739 	 609 	 121 
358 	 531 	 737 	 611 	 121 
359 	 531 	 738 	 613 	 118 
360 	 531 	 742 	 606 	 121 
361 	 531 	 747 	 611 	 111 
362 	 531 	 746 	 608 	 115 
363 	 531 	 752 	 603 	 114 
364 	 531 	 755 	 603 	 111 
365 	 531 	 749 	 600 	 120 
366 	 531 	 742 	 596 	 131 
367 	 531 	 742 	 600 	 127 
368 	 531 	 742 	 610 	 117 
369 	 531 	 737 	 601 	 131 
370 	 531 	 737 	 596 	 136 
371 	 531 	 737 	 601 	 131 
372 	 531 	 743 	 599 	 127 
373 	 531 	 749 	 597 	 123 
374 	 531 	 752 	 589 	 128 
375 	 531 	 753 	 595 	 121 
376 	 531 	 749 	 587 	 133 
377 	 531 	 746 	 585 	 138 
378 	 531 	 744 	 588 	 137 
379 	 531 	 749 	 591 	 129 
380 	 531 	 749 	 587 	 133 
381 	 531 	 748 	 589 	 132 
382 	 531 	 749 	 589 	 131 
383 	 531 	 759 	 577 	 133 
384 	 531 	 760 	 576 	 133 
385 	 531 	 761 	 580 	 128 
386 	 531 	 760 	 579 	 130 
387 	 531 	 765 	 574 	 130 
388 	 531 	 766 	 578 	 125 
389 	 531 	 763 	 578 	 128 
390 	 531 	 768 	 577 	 124 
391 	 531 	 770 	 572 	 127 
392 	 531 	 769 	 567 	 133 
393 	 531 	 774 	 564 	 131 
394 	 531 	 769 	 572 	 128 
395 	 545 	 748 	 570 	 137 
396 	 545 	 755 	 566 	 134 
397 	 545 	 754 	 566 	 135 
398 	 545 	 757 	 564 	 134 
399 	 545 	 753 	 563 	 139 
400 	 545 	 752 	 570 	 133 
401 	 545 	 753 	 568 	 134 
402 	 545 	 752 	 564 	 139 
403 	 545 	 754 	 560 	 141 
404 	 545 	 755 	 563 	 137 
405 	 545 	 756 	 567 	 132 
406 	 623 	 684 	 560 	 133 
407 	 623 	 683 	 559 	 135 
408 	 623 	 686 	 559 	 132 
409 	 623 	 683 	 559 	 135 
410 	 623 	 681 	 557 	 139 
411 	 623 	 676 	 548 	 153 
412 	 623 	 685 	 551 	 141 
413 	 623 	 683 	 548 	 146 
414 	 623 	 687 	 551 	 139 
415 	 623 	 694 	 550 	 133 
416 	 623 	 694 	 550 	 133 
417 	 623 	 693 	 549 	 135 
418 	 623 	 692 	 551 	 134 
419 	 623 	 697 	 550 	 130 
420 	 623 	 692 	 552 	 133 
421 	 623 	 698 	 546 	 133 
422 	 623 	 694 	 550 	 133 
423 	 623 	 693 	 552 	 132 
424 	 623 	 689 	 549 	 139 
425 	 658 	 658 	 546 	 138 
426 	 658 	 665 	 543 	 134 
427 	 658 	 665 	 547 	 130 
428 	 658 	 664 	 547 	 131 
429 	 667 	 660 	 545 	 128 
430 	 667 	 666 	 543 	 124 
431 	 667 	 663 	 545 	 125 
432 	 667 	 662 	 542 	 129 
433 	 667 	 664 	 540 	 129 
434 	 667 	 668 	 536 	 129 
435 	 667 	 666 	 536 	 131 
436 	 667 	 664 	 540 	 129 
437 	 700 	 638 	 542 	 120 
438 	 700 	 642 	 544 	 114 
439 	 700 	 641 	 543 	 116 
440 	 700 	 646 	 546 	 108 
441 	 700 	 646 	 537 	 117 
442 	 700 	 640 	 535 	 125 
443 	 700 	 647 	 531 	 122 
444 	 700 	 643 	 525 	 132 
445 	 700 	 644 	 523 	 133 
446 	 700 	 638 	 530 	 132 
447 	 700 	 638 	 529 	 133 
448 	 700 	 637 	 532 	 131 
449 	 700 	 634 	 529 	 137 
450 	 700 	 642 	 525 	 133 
451 	 700 	 651 	 530 	 119 
452 	 700 	 648 	 531 	 121 
453 	 700 	 645 	 527 	 128 
454 	 700 	 645 	 528 	 127 
455 	 700 	 639 	 521 	 140 
456 	 700 	 641 	 519 	 140 
457 	 700 	 646 	 519 	 135 
458 	 700 	 643 	 520 	 137 
459 	 700 	 643 	 515 	 142 
460 	 700 	 638 	 513 	 149 
461 	 700 	 646 	 516 	 138 
462 	 700 	 647 	 515 	 138 
463 	 700 	 649 	 513 	 138 
464 	 700 	 653 	 511 	 136 
465 	 700 	 655 	 517 	 128 
466 	 700 	 656 	 513 	 131 
467 	 700 	 659 	 514 	 127 
468 	 700 	 657 	 517 	 126 
469 	 752 	 595 	 520 	 133 
470 	 752 	 599 	 523 	 126 
471 	 752 	 605 	 523 	 120 
472 	 752 	 610 	 519 	 119 
473 	 752 	 611 	 524 	 113 
474 	 752 	 614 	 519 	 115 
475 	 752 	 611 	 513 	 124 
476 	 752 	 605 	 510 	 133 
477 	 752 	 611 	 512 	 125 
478 	 752 	 615 	 514 	 119 
479 	 752 	 611 	 508 	 129 
480 	 752 	 616 	 514 	 118 
481 	 752 	 611 	 515 	 122 
482 	 752 	 604 	 507 	 137 
483 	 752 	 605 	 500 	 143 
484 	 752 	 607 	 500 	 141 
485 	 752 	 607 	 505 	 136 
486 	 766 	 598 	 503 	 133 
487 	 766 	 599 	 506 	 129 
488 	 766 	 604 	 508 	 122 
489 	 766 	 611 	 502 	 121 
490 	 766 	 613 	 498 	 123 
491 	 766 	 613 	 498 	 123 
492 	 766 	 609 	 493 	 132 
493 	 766 	 610 	 497 	 127 
494 	 766 	 619 	 496 	 119 
495 	 766 	 621 	 492 	 121 
496 	 766 	 621 	 491 	 122 
497 	 766 	 622 	 486 	 126 
498 	 766 	 624 	 491 	 119 
499 	 766 	 628 	 494 	 112 
500 	 766 	 630 	 491 	 113 
501 	 766 	 626 	 498 	 110 
502 	 766 	 627 	 497 	 110 
503 	 766 	 626 	 499 	 109 
504 	 766 	 625 	 501 	 108 
505 	 770 	 624 	 494 	 112 
506 	 770 	 625 	 492 	 113 
507 	 770 	 626 	 489 	 115 
508 	 770 	 623 	 484 	 123 
509 	 770 	 622 	 484 	 124 
510 	 770 	 628 	 485 	 117 
511 	 770 	 622 	 487 	 121 
512 	 770 	 629 	 483 	 118 
513 	 770 	 631 	 487 	 112 
514 	 770 	 639 	 482 	 109 
515 	 770 	 632 	 482 	 116 
516 	 770 	 623 	 482 	 125 
517 	 787 	 610 	 483 	 120 
518 	 787 	 608 	 482 	 123 
519 	 802 	 601 	 486 	 111 
520 	 802 	 602 	 483 	 113 
521 	 802 	 605 	 481 	 112 
522 	 802 	 604 	 480 	 114 
523 	 802 	 602 	 478 	 118 
524 	 802 	 600 	 481 	 117 
525 	 802 	 606 	 482 	 110 
526 	 802 	 608 	 476 	 114 
527 	 802 	 604 	 473 	 121 
528 	 802 	 605 	 475 	 118 
529 	 802 	 615 	 479 	 104 
530 	 802 	 617 	 481 	 100 
531 	 802 	 622 	 480 	 96 
532 	 802 	 623 	 479 	 96 
533 	 802 	 623 	 483 	 92 
534 	 802 	 623 	 479 	 96 
535 	 802 	 625 	 479 	 94 
536 	 802 	 624 	 477 	 97 
537 	 802 	 631 	 474 	 93 
538 	 802 	 629 	 477 	 92 
539 	 802 	 630 	 476 	 92 
540 	 802 	 628 	 469 	 101 
541 	 802 	 631 	 469 	 98 
542 	 802 	 632 	 466 	 100 
543 	 802 	 635 	 463 	 100 
544 	 802 	 635 	 462 	 101 
545 	 802 	 637 	 456 	 105 
546 	 802 	 629 	 456 	 113 
547 	 802 	 634 	 456 	 108 
548 	 802 	 635 	 451 	 112 
549 	 802 	 634 	 450 	 114 
550 	 802 	 634 	 450 	 114 
551 	 802 	 640 	 455 	 103 
552 	 802 	 634 	 454 	 110 
553 	 802 	 640 	 451 	 107 
554 	 802 	 643 	 455 	 100 
555 	 802 	 643 	 455 	 100 
556 	 802 	 642 	 458 	 98 
557 	 802 	 644 	 460 	 94 
558 	 802 	 644 	 456 	 98 
559 	 802 	 647 	 456 	 95 
560 	 802 	 645 	 458 	 95 
561 	 802 	 641 	 458 	 99 
562 	 802 	 644 	 458 	 96 
563 	 802 	 641 	 457 	 100 
564 	 802 	 642 	 463 	 93 
565 	 802 	 639 	 459 	 100 
566 	 802 	 643 	 459 	 96 
567 	 802 	 645 	 455 	 98 
568 	 802 	 651 	 447 	 100 
569 	 802 	 652 	 443 	 103 
570 	 802 	 651 	 444 	 103 
571 	 802 	 651 	 443 	 104 
572 	 802 	 653 	 447 	 98 
573 	 802 	 650 	 447 	 101 
574 	 802 	 651 	 440 	 107 
575 	 802 	 656 	 444 	 98 
576 	 802 	 653 	 439 	 106 
577 	 802 	 651 	 433 	 114 
578 	 802 	 649 	 429 	 120 
579 	 802 	 649 	 437 	 112 
580 	 802 	 647 	 435 	 116 
581 	 837 	 618 	 435 	 110 
582 	 837 	 623 	 436 	 104 
583 	 837 	 625 	 435 	 103 
584 	 837 	 624 	 431 	 108 
585 	 837 	 623 	 433 	 107 
586 	 837 	 621 	 432 	 110 
587 	 837 	 620 	 427 	 116 
588 	 837 	 619 	 419 	 125 
589 	 837 	 621 	 421 	 121 
590 	 837 	 625 	 420 	 118 
591 	 955 	 514 	 424 	 107 
592 	 955 	 512 	 427 	 106 
593 	 955 	 513 	 422 	 110 
594 	 955 	 514 	 422 	 109 
595 	 955 	 514 	 425 	 106 
596 	 955 	 514 	 419 	 112 
597 	 955 	 519 	 420 	 106 
598 	 955 	 517 	 422 	 106 
599 	 955 	 517 	 423 	 105 
600 	 955 	 513 	 423 	 109 
601 	 955 	 515 	 420 	 110 
602 	 955 	 516 	 420 	 109 
603 	 955 	 521 	 425 	 99 
604 	 955 	 520 	 424 	 101 
605 	 955 	 530 	 421 	 94 
606 	 955 	 525 	 419 	 101 
607 	 955 	 525 	 418 	 102 
608 	 955 	 525 	 421 	 99 
609 	 955 	 525 	 416 	 104 
610 	 955 	 529 	 418 	 98 
611 	 955 	 532 	 418 	 95 
612 	 955 	 537 	 418 	 90 
613 	 955 	 541 	 413 	 91 
614 	 955 	 542 	 410 	 93 
615 	 955 	 540 	 410 	 95 
616 	 955 	 541 	 410 	 94 
617 	 955 	 546 	 404 	 95 
618 	 955 	 545 	 403 	 97 
619 	 955 	 549 	 402 	 94 
620 	 955 	 544 	 400 	 101 
621 	 955 	 546 	 399 	 100 
622 	 955 	 547 	 400 	 98 
623 	 955 	 547 	 401 	 97 
624 	 955 	 549 	 407 	 89 
625 	 955 	 547 	 403 	 95 
626 	 955 	 549 	 406 	 90 
627 	 955 	 547 	 399 	 99 
628 	 955 	 551 	 399 	 95 
629 	 955 	 549 	 400 	 96 
630 	 955 	 553 	 401 	 91 
631 	 955 	 552 	 400 	 93 
632 	 955 	 557 	 396 	 92 
633 	 955 	 556 	 400 	 89 
634 	 955 	 550 	 401 	 94 
635 	 955 	 556 	 402 	 87 
636 	 955 	 559 	 399 	 87 
637 	 955 	 557 	 397 	 91 
638 	 955 	 556 	 392 	 97 
639 	 955 	 551 	 389 	 105 
640 	 955 	 552 	 392 	 101 
641 	 955 	 550 	 395 	 100 
642 	 955 	 552 	 396 	 97 
643 	 955 	 553 	 392 	 100 
644 	 955 	 558 	 392 	 95 
645 	 955 	 562 	 392 	 91 
646 	 955 	 563 	 392 	 90 
647 	 955 	 569 	 394 	 82 
648 	 955 	 564 	 390 	 91 
649 	 955 	 567 	 393 	 85 
650 	 955 	 565 	 391 	 89 
651 	 955 	 564 	 386 	 95 
652 	 955 	 570 	 395 	 80 
653 	 955 	 572 	 398 	 75 
654 	 955 	 571 	 396 	 78 
655 	 955 	 575 	 389 	 81 
656 	 955 	 571 	 387 	 87 
657 	 955 	 571 	 388 	 86 
658 	 955 	 568 	 393 	 84 
659 	 993 	 537 	 391 	 79 
660 	 993 	 541 	 393 	 73 
661 	 993 	 544 	 390 	 73 
662 	 993 	 541 	 392 	 74 
663 	 993 	 537 	 391 	 79 
664 	 993 	 540 	 391 	 76 
665 	 993 	 535 	 391 	 81 
666 	 993 	 540 	 391 	 76 
667 	 993 	 533 	 391 	 83 
668 	 993 	 533 	 387 	 87 
669 	 993 	 536 	 388 	 83 
670 	 993 	 537 	 388 	 82 
671 	 993 	 538 	 382 	 87 
672 	 993 	 538 	 381 	 88 
673 	 993 	 538 	 379 	 90 
674 	 993 	 540 	 379 	 88 
675 	 993 	 539 	 372 	 96 
676 	 993 	 542 	 373 	 92 
677 	 993 	 538 	 378 	 91 
678 	 993 	 538 	 374 	 95 
679 	 993 	 546 	 372 	 89 
680 	 993 	 546 	 371 	 90 
681 	 993 	 548 	 375 	 84 
682 	 993 	 549 	 375 	 83 
683 	 993 	 547 	 370 	 90 
684 	 993 	 550 	 365 	 92 
685 	 993 	 557 	 365 	 85 
686 	 993 	 556 	 366 	 85 
687 	 993 	 549 	 365 	 93 
688 	 993 	 557 	 366 	 84 
689 	 993 	 560 	 363 	 84 
690 	 993 	 565 	 364 	 78 
691 	 993 	 566 	 363 	 78 
692 	 993 	 566 	 366 	 75 
693 	 993 	 563 	 364 	 80 
694 	 993 	 560 	 364 	 83 
695 	 993 	 567 	 359 	 81 
696 	 993 	 573 	 359 	 75 
697 	 993 	 569 	 360 	 78 
698 	 993 	 570 	 362 	 75 
699 	 993 	 573 	 359 	 75 
700 	 993 	 569 	 358 	 80 
701 	 993 	 568 	 359 	 80 
702 	 993 	 569 	 360 	 78 
703 	 993 	 566 	 361 	 80 
704 	 993 	 573 	 362 	 72 
705 	 993 	 571 	 357 	 79 
706 	 993 	 574 	 358 	 75 
707 	 993 	 572 	 355 	 80 
708 	 993 	 574 	 359 	 74 
709 	 993 	 575 	 358 	 74 
710 	 993 	 579 	 354 	 74 
711 	 993 	 577 	 357 	 73 
712 	 993 	 576 	 354 	 77 
713 	 993 	 580 	 353 	 74 
714 	 993 	 580 	 345 	 82 
715 	 993 	 574 	 349 	 84 
716 	 993 	 585 	 347 	 75 
717 	 993 	 583 	 346 	 78 
718 	 993 	 584 	 342 	 81 
719 	 993 	 587 	 345 	 75 
720 	 993 	 591 	 340 	 76 
721 	 993 	 591 	 343 	 73 
722 	 993 	 591 	 344 	 72 
723 	 993 	 596 	 345 	 66 
724 	 993 	 604 	 343 	 60 
725 	 993 	 606 	 341 	 60 
726 	 993 	 603 	 338 	 66 
727 	 993 	 602 	 337 	 68 
728 	 993 	 604 	 343 	 60 
729 	 993 	 606 	 342 	 59 
730 	 993 	 602 	 342 	 63 
731 	 993 	 603 	 339 	 65 
732 	 993 	 604 	 337 	 66 
733 	 993 	 607 	 339 	 61 
734 	 993 	 605 	 340 	 62 
735 	 993 	 607 	 338 	 62 
736 	 993 	 610 	 338 	 59 
737 	 993 	 601 	 336 	 70 
738 	 993 	 602 	 339 	 66 
739 	 993 	 606 	 341 	 60 
740 	 993 	 604 	 334 	 69 
741 	 993 	 603 	 334 	 70 
742 	 993 	 602 	 333 	 72 
743 	 993 	 602 	 330 	 75 
744 	 993 	 603 	 329 	 75 
745 	 993 	 606 	 328 	 73 
746 	 993 	 604 	 326 	 77 
747 	 993 	 602 	 326 	 79 
748 	 993 	 607 	 329 	 71 
749 	 993 	 607 	 326 	 74 
750 	 993 	 613 	 323 	 71 
751 	 993 	 615 	 319 	 73 
752 	 993 	 614 	 321 	 72 
753 	 993 	 613 	 326 	 68 
754 	 993 	 615 	 326 	 66 
755 	 993 	 611 	 323 	 73 
756 	 993 	 616 	 318 	 73 
757 	 993 	 617 	 314 	 76 
758 	 993 	 619 	 318 	 70 
759 	 993 	 620 	 322 	 65 
760 	 993 	 623 	 322 	 62 
761 	 993 	 622 	 319 	 66 
762 	 993 	 621 	 319 	 67 
763 	 993 	 622 	 321 	 64 
764 	 993 	 622 	 321 	 64 
765 	 993 	 633 	 321 	 53 
766 	 993 	 632 	 315 	 60 
767 	 993 	 632 	 311 	 64 
768 	 993 	 632 	 314 	 61 
769 	 993 	 637 	 316 	 54 
770 	 993 	 635 	 315 	 57 
771 	 993 	 638 	 311 	 58 
772 	 993 	 636 	 310 	 61 
773 	 993 	 642 	 307 	 58 
774 	 993 	 648 	 306 	 53 
775 	 993 	 648 	 304 	 55 
776 	 993 	 641 	 304 	 62 
777 	 993 	 640 	 300 	 67 
778 	 993 	 639 	 301 	 67 
779 	 993 	 636 	 299 	 72 
780 	 993 	 634 	 295 	 78 
781 	 993 	 637 	 293 	 77 
782 	 993 	 638 	 285 	 84 
783 	 993 	 643 	 283 	 81 
784 	 993 	 639 	 286 	 82 
785 	 993 	 640 	 285 	 82 
786 	 993 	 641 	 286 	 80 
787 	 993 	 642 	 289 	 76 
788 	 993 	 640 	 289 	 78 
789 	 993 	 647 	 293 	 67 
790 	 993 	 651 	 293 	 63 
791 	 993 	 652 	 289 	 66 
792 	 993 	 648 	 289 	 70 
793 	 993 	 650 	 285 	 72 
794 	 993 	 644 	 284 	 79 
795 	 993 	 644 	 289 	 74 
796 	 993 	 646 	 288 	 73 
797 	 993 	 646 	 287 	 74 
798 	 993 	 650 	 289 	 68 
799 	 993 	 648 	 289 	 70 
800 	 993 	 647 	 286 	 74 
801 	 993 	 650 	 285 	 72 
802 	 993 	 651 	 282 	 74 
803 	 993 	 655 	 278 	 74 
804 	 993 	 656 	 275 	 76 
805 	 993 	 657 	 274 	 76 
806 	 993 	 657 	 277 	 73 
807 	 993 	 657 	 276 	 74 
808 	 993 	 660 	 284 	 63 
809 	 993 	 660 	 284 	 63 
810 	 993 	 662 	 283 	 62 
811 	 993 	 663 	 283 	 61 
812 	 993 	 662 	 280 	 65 
813 	 993 	 665 	 278 	 64 
814 	 993 	 669 	 281 	 57 
815 	 993 	 675 	 279 	 53 
816 	 993 	 673 	 276 	 58 
817 	 993 	 675 	 277 	 55 
818 	 993 	 677 	 274 	 56 
819 	 993 	 676 	 276 	 55 
820 	 993 	 678 	 275 	 54 
821 	 993 	 672 	 274 	 61 
822 	 993 	 674 	 276 	 57 
823 	 993 	 672 	 278 	 57 
824 	 993 	 675 	 276 	 56 
825 	 993 	 678 	 277 	 52 
826 	 993 	 674 	 279 	 54 
827 	 993 	 677 	 281 	 49 
828 	 993 	 674 	 281 	 52 
829 	 993 	 678 	 274 	 55 
830 	 993 	 676 	 271 	 60 
831 	 993 	 677 	 268 	 62 
832 	 993 	 677 	 267 	 63 
833 	 993 	 678 	 267 	 62 
834 	 993 	 676 	 265 	 66 
835 	 993 	 679 	 268 	 60 
836 	 993 	 683 	 267 	 57 
837 	 993 	 684 	 267 	 56 
838 	 993 	 685 	 269 	 53 
839 	 993 	 684 	 271 	 52 
840 	 993 	 684 	 271 	 52 
841 	 993 	 681 	 266 	 60 
842 	 993 	 682 	 268 	 57 
843 	 993 	 676 	 267 	 64 
844 	 1297 	 384 	 267 	 52 
845 	 1297 	 386 	 269 	 48 
846 	 1297 	 386 	 263 	 54 
847 	 1297 	 387 	 264 	 52 
848 	 1297 	 388 	 263 	 52 
849 	 1297 	 389 	 265 	 49 
850 	 1297 	 387 	 261 	 55 
851 	 1297 	 384 	 260 	 59 
852 	 1297 	 381 	 259 	 63 
853 	 1297 	 385 	 260 	 58 
854 	 1297 	 387 	 254 	 62 
855 	 1297 	 387 	 259 	 57 
856 	 1297 	 391 	 260 	 52 
857 	 1297 	 392 	 258 	 53 
858 	 1297 	 394 	 257 	 52 
859 	 1297 	 399 	 257 	 47 
860 	 1297 	 399 	 259 	 45 
861 	 1297 	 396 	 254 	 53 
862 	 1297 	 399 	 253 	 51 
863 	 1297 	 400 	 255 	 48 
864 	 1297 	 398 	 251 	 54 
865 	 1297 	 402 	 250 	 51 
866 	 1297 	 406 	 252 	 45 
867 	 1297 	 402 	 252 	 49 
868 	 1297 	 404 	 252 	 47 
869 	 1297 	 406 	 250 	 47 
870 	 1297 	 408 	 252 	 43 
871 	 1297 	 404 	 251 	 48 
872 	 1297 	 412 	 251 	 40 
873 	 1297 	 407 	 251 	 45 
874 	 1297 	 409 	 251 	 43 
875 	 1297 	 408 	 254 	 41 
876 	 1297 	 406 	 255 	 42 
877 	 1297 	 408 	 254 	 41 
878 	 1297 	 410 	 254 	 39 
879 	 1297 	 419 	 250 	 34 
880 	 1297 	 416 	 242 	 45 
881 	 1297 	 417 	 241 	 45 
882 	 1297 	 416 	 241 	 46 
883 	 1297 	 413 	 243 	 47 
884 	 1297 	 411 	 241 	 51 
885 	 1297 	 412 	 241 	 50 
886 	 1297 	 413 	 241 	 49 
887 	 1297 	 415 	 239 	 49 
888 	 1297 	 416 	 237 	 50 
889 	 1297 	 422 	 233 	 48 
890 	 1297 	 419 	 234 	 50 
891 	 1297 	 419 	 237 	 47 
892 	 1297 	 417 	 238 	 48 
893 	 1297 	 414 	 234 	 55 
894 	 1297 	 413 	 234 	 56 
895 	 1297 	 417 	 231 	 55 
896 	 1297 	 422 	 228 	 53 
897 	 1297 	 422 	 230 	 51 
898 	 1297 	 420 	 227 	 56 
899 	 1297 	 419 	 229 	 55 
900 	 1297 	 420 	 231 	 52 
901 	 1297 	 426 	 230 	 47 
902 	 1297 	 425 	 231 	 47 
903 	 1297 	 426 	 225 	 52 
904 	 1297 	 424 	 223 	 56 
905 	 1297 	 425 	 221 	 57 
906 	 1297 	 427 	 223 	 53 
907 	 1297 	 425 	 221 	 57 
908 	 1306 	 419 	 218 	 57 
909 	 1390 	 340 	 218 	 52 
910 	 1390 	 343 	 221 	 46 
911 	 1390 	 343 	 218 	 49 
912 	 1390 	 342 	 216 	 52 
913 	 1390 	 344 	 217 	 49 
914 	 1390 	 342 	 217 	 51 
915 	 1390 	 342 	 220 	 48 
916 	 1390 	 345 	 219 	 46 
917 	 1390 	 346 	 218 	 46 
918 	 1390 	 345 	 216 	 49 
919 	 1390 	 345 	 215 	 50 
920 	 1390 	 349 	 213 	 48 
921 	 1390 	 347 	 214 	 49 
922 	 1390 	 345 	 213 	 52 
923 	 1390 	 347 	 212 	 51 
924 	 1390 	 345 	 212 	 53 
925 	 1390 	 347 	 210 	 53 
926 	 1390 	 346 	 213 	 51 
927 	 1390 	 345 	 213 	 52 
928 	 1390 	 347 	 213 	 50 
929 	 1390 	 348 	 214 	 48 
930 	 1390 	 357 	 213 	 40 
931 	 1390 	 358 	 208 	 44 
932 	 1390 	 356 	 207 	 47 
933 	 1390 	 357 	 208 	 45 
934 	 1390 	 356 	 208 	 46 
935 	 1390 	 355 	 210 	 45 
936 	 1390 	 354 	 206 	 50 
937 	 1390 	 351 	 207 	 52 
938 	 1390 	 354 	 205 	 51 
939 	 1390 	 355 	 205 	 50 
940 	 1390 	 353 	 204 	 53 
941 	 1390 	 352 	 204 	 54 
942 	 1390 	 355 	 203 	 52 
943 	 1390 	 355 	 200 	 55 
944 	 1390 	 357 	 199 	 54 
945 	 1390 	 358 	 198 	 54 
946 	 1390 	 359 	 199 	 52 
947 	 1390 	 356 	 196 	 58 
948 	 1390 	 355 	 196 	 59 
949 	 1390 	 357 	 197 	 56 
950 	 1390 	 361 	 196 	 53 
951 	 1390 	 359 	 197 	 54 
952 	 1390 	 358 	 200 	 52 
953 	 1390 	 360 	 199 	 51 
954 	 1390 	 359 	 199 	 52 
955 	 1390 	 361 	 202 	 47 
956 	 1390 	 360 	 199 	 51 
957 	 1390 	 362 	 197 	 51 
958 	 1390 	 365 	 198 	 47 
959 	 1390 	 369 	 197 	 44 
960 	 1390 	 373 	 193 	 44 
961 	 1390 	 373 	 196 	 41 
962 	 1390 	 375 	 194 	 41 
963 	 1390 	 369 	 194 	 47 
964 	 1390 	 374 	 194 	 42 
965 	 1390 	 378 	 195 	 37 
966 	 1390 	 378 	 191 	 41 
967 	 1390 	 382 	 190 	 38 
968 	 1390 	 385 	 190 	 35 
969 	 1390 	 386 	 188 	 36 
970 	 1390 	 385 	 188 	 37 
971 	 1390 	 385 	 188 	 37 
972 	 1390 	 385 	 189 	 36 
973 	 1390 	 385 	 185 	 40 
974 	 1390 	 384 	 185 	 41 
975 	 1390 	 381 	 183 	 46 
976 	 1390 	 380 	 183 	 47 
977 	 1390 	 380 	 182 	 48 
978 	 1390 	 380 	 180 	 50 
979 	 1390 	 379 	 182 	 49 
980 	 1390 	 379 	 185 	 46 
981 	 1390 	 381 	 182 	 47 
982 	 1390 	 381 	 181 	 48 
983 	 1390 	 380 	 182 	 48 
984 	 1390 	 381 	 183 	 46 
985 	 1390 	 384 	 181 	 45 
986 	 1390 	 388 	 181 	 41 
987 	 1390 	 389 	 181 	 40 
988 	 1390 	 388 	 179 	 43 
989 	 1390 	 395 	 179 	 36 
990 	 1390 	 395 	 179 	 36 
991 	 1390 	 392 	 176 	 42 
992 	 1390 	 393 	 174 	 43 
993 	 1390 	 392 	 175 	 43 
994 	 1390 	 397 	 171 	 42 
995 	 1390 	 400 	 171 	 39 
996 	 1390 	 396 	 171 	 43 
997 	 1390 	 399 	 172 	 39 
998 	 1390 	 399 	 169 	 42 
999 	 1390 	 398 	 170 	 42 
1000 	 1390 	 397 	 171 	 42 
1001 	 1390 	 402 	 171 	 37 
1002 	 1390 	 402 	 173 	 35 
1003 	 1390 	 406 	 170 	 34 
1004 	 1390 	 408 	 169 	 33 
1005 	 1390 	 407 	 169 	 34 
1006 	 1390 	 411 	 168 	 31 
1007 	 1390 	 410 	 169 	 31 
1008 	 1390 	 410 	 169 	 31 
1009 	 1390 	 410 	 170 	 30 
1010 	 1390 	 410 	 170 	 30 
1011 	 1390 	 411 	 171 	 28 
1012 	 1390 	 411 	 170 	 29 
1013 	 1390 	 408 	 170 	 32 
1014 	 1390 	 412 	 173 	 25 
1015 	 1390 	 414 	 169 	 27 
1016 	 1390 	 415 	 166 	 29 
1017 	 1390 	 417 	 165 	 28 
1018 	 1390 	 417 	 165 	 28 
1019 	 1390 	 416 	 167 	 27 
1020 	 1390 	 420 	 164 	 26 
1021 	 1390 	 419 	 168 	 23 
1022 	 1390 	 417 	 167 	 26 
1023 	 1390 	 420 	 167 	 23 
1024 	 1390 	 423 	 169 	 18 
1025 	 1390 	 421 	 169 	 20 
1026 	 1390 	 423 	 168 	 19 
1027 	 1390 	 430 	 167 	 13 
1028 	 1390 	 431 	 164 	 15 
1029 	 1390 	 430 	 163 	 17 
1030 	 1390 	 431 	 161 	 18 
1031 	 1390 	 430 	 161 	 19 
1032 	 1390 	 428 	 160 	 22 
1033 	 1390 	 427 	 160 	 23 
1034 	 1390 	 427 	 161 	 22 
1035 	 1390 	 427 	 161 	 22 
1036 	 1390 	 426 	 159 	 25 
1037 	 1390 	 424 	 158 	 28 
1038 	 1390 	 430 	 157 	 23 
1039 	 1390 	 430 	 156 	 24 
1040 	 1390 	 428 	 157 	 25 
1041 	 1390 	 429 	 156 	 25 
1042 	 1390 	 430 	 152 	 28 
1043 	 1390 	 431 	 153 	 26 
1044 	 1390 	 437 	 151 	 22 
1045 	 1390 	 438 	 151 	 21 
1046 	 1390 	 438 	 149 	 23 
1047 	 1390 	 437 	 148 	 25 
1048 	 1390 	 437 	 146 	 27 
1049 	 1390 	 435 	 144 	 31 
1050 	 1390 	 433 	 146 	 31 
1051 	 1390 	 436 	 146 	 28 
1052 	 1390 	 432 	 148 	 30 
1053 	 1390 	 432 	 145 	 33 
1054 	 1390 	 435 	 145 	 30 
1055 	 1390 	 436 	 144 	 30 
1056 	 1390 	 438 	 143 	 29 
1057 	 1390 	 440 	 140 	 30 
1058 	 1390 	 441 	 138 	 31 
1059 	 1390 	 442 	 139 	 29 
1060 	 1390 	 445 	 139 	 26 
1061 	 1390 	 441 	 139 	 30 
1062 	 1390 	 440 	 135 	 35 
1063 	 1390 	 436 	 136 	 38 
1064 	 1390 	 444 	 137 	 29 
1065 	 1390 	 445 	 136 	 29 
1066 	 1390 	 448 	 135 	 27 
1067 	 1390 	 449 	 136 	 25 
1068 	 1390 	 449 	 138 	 23 
1069 	 1390 	 452 	 134 	 24 
1070 	 1390 	 452 	 130 	 28 
1071 	 1390 	 455 	 131 	 24 
1072 	 1390 	 456 	 132 	 22 
1073 	 1390 	 456 	 131 	 23 
1074 	 1390 	 453 	 130 	 27 
1075 	 1390 	 456 	 129 	 25 
1076 	 1390 	 453 	 130 	 27 
1077 	 1390 	 455 	 132 	 23 
1078 	 1390 	 455 	 130 	 25 
1079 	 1390 	 458 	 130 	 22 
1080 	 1390 	 456 	 128 	 26 
1081 	 1390 	 458 	 126 	 26 
1082 	 1390 	 457 	 127 	 26 
1083 	 1390 	 458 	 127 	 25 
1084 	 1390 	 456 	 127 	 27 
1085 	 1390 	 457 	 127 	 26 
1086 	 1390 	 459 	 128 	 23 
1087 	 1390 	 460 	 127 	 23 
1088 	 1390 	 464 	 127 	 19 
1089 	 1390 	 467 	 124 	 19 
1090 	 1390 	 470 	 121 	 19 
1091 	 1390 	 468 	 119 	 23 
1092 	 1390 	 470 	 121 	 19 
1093 	 1390 	 472 	 121 	 17 
1094 	 1390 	 472 	 121 	 17 
1095 	 1390 	 471 	 119 	 20 
1096 	 1390 	 470 	 117 	 23 
1097 	 1390 	 470 	 116 	 24 
1098 	 1390 	 471 	 113 	 26 
1099 	 1390 	 470 	 112 	 28 
1100 	 1390 	 469 	 112 	 29 
1101 	 1390 	 469 	 107 	 34 
1102 	 1390 	 470 	 106 	 34 
1103 	 1390 	 470 	 107 	 33 
1104 	 1390 	 471 	 106 	 33 
1105 	 1390 	 468 	 104 	 38 
1106 	 1390 	 470 	 105 	 35 
1107 	 1390 	 470 	 109 	 31 
1108 	 1390 	 471 	 110 	 29 
1109 	 1390 	 472 	 108 	 30 
1110 	 1390 	 473 	 109 	 28 
1111 	 1390 	 475 	 108 	 27 
1112 	 1390 	 475 	 109 	 26 
1113 	 1390 	 475 	 109 	 26 
1114 	 1390 	 478 	 109 	 23 
1115 	 1390 	 480 	 111 	 19 
1116 	 1390 	 481 	 109 	 20 
1117 	 1390 	 487 	 108 	 15 
1118 	 1390 	 488 	 106 	 16 
1119 	 1390 	 487 	 102 	 21 
1120 	 1390 	 488 	 101 	 21 
1121 	 1390 	 488 	 102 	 20 
1122 	 1390 	 488 	 103 	 19 
1123 	 1390 	 490 	 104 	 16 
1124 	 1390 	 490 	 104 	 16 
1125 	 1390 	 490 	 104 	 16 
1126 	 1390 	 490 	 104 	 16 
1127 	 1390 	 495 	 104 	 11 
1128 	 1390 	 494 	 98 	 18 
1129 	 1390 	 493 	 98 	 19 
1130 	 1390 	 493 	 95 	 22 
1131 	 1390 	 495 	 94 	 21 
1132 	 1390 	 494 	 95 	 21 
1133 	 1390 	 494 	 95 	 21 
1134 	 1390 	 493 	 96 	 21 
1135 	 1390 	 498 	 97 	 15 
1136 	 1390 	 500 	 95 	 15 
1137 	 1390 	 503 	 92 	 15 
1138 	 1390 	 499 	 94 	 17 
1139 	 1390 	 499 	 93 	 18 
1140 	 1678 	 213 	 90 	 19 
1141 	 1678 	 216 	 87 	 19 
1142 	 1678 	 216 	 85 	 21 
1143 	 1678 	 215 	 86 	 21 
1144 	 1678 	 216 	 86 	 20 
1145 	 1678 	 218 	 86 	 18 
1146 	 1678 	 219 	 85 	 18 
1147 	 1678 	 220 	 85 	 17 
1148 	 1678 	 219 	 84 	 19 
1149 	 1678 	 219 	 87 	 16 
1150 	 1678 	 219 	 87 	 16 
1151 	 1678 	 218 	 84 	 20 
1152 	 1678 	 219 	 85 	 18 
1153 	 1678 	 221 	 85 	 16 
1154 	 1678 	 220 	 82 	 20 
1155 	 1678 	 218 	 81 	 23 
1156 	 1678 	 221 	 82 	 19 
1157 	 1678 	 222 	 80 	 20 
1158 	 1678 	 222 	 80 	 20 
1159 	 1678 	 220 	 80 	 22 
1160 	 1678 	 221 	 78 	 23 
1161 	 1678 	 225 	 78 	 19 
1162 	 1678 	 224 	 78 	 20 
1163 	 1678 	 224 	 76 	 22 
1164 	 1678 	 229 	 77 	 16 
1165 	 1678 	 232 	 76 	 14 
1166 	 1678 	 231 	 77 	 14 
1167 	 1678 	 235 	 77 	 10 
1168 	 1678 	 235 	 77 	 10 
1169 	 1678 	 235 	 76 	 11 
1170 	 1678 	 235 	 74 	 13 
1171 	 1678 	 236 	 72 	 14 
1172 	 1678 	 237 	 73 	 12 
1173 	 1678 	 237 	 71 	 14 
1174 	 1678 	 235 	 72 	 15 
1175 	 1678 	 236 	 71 	 15 
1176 	 1678 	 236 	 70 	 16 
1177 	 1678 	 238 	 70 	 14 
1178 	 1678 	 242 	 67 	 13 
1179 	 1678 	 243 	 67 	 12 
1180 	 1678 	 243 	 66 	 13 
1181 	 1678 	 242 	 66 	 14 
1182 	 1678 	 242 	 64 	 16 
1183 	 1678 	 240 	 65 	 17 
1184 	 1678 	 239 	 63 	 20 
1185 	 1740 	 179 	 62 	 19 
1186 	 1740 	 180 	 62 	 18 
1187 	 1740 	 181 	 60 	 19 
1188 	 1740 	 181 	 60 	 19 
1189 	 1740 	 184 	 59 	 17 
1190 	 1740 	 186 	 61 	 13 
1191 	 1740 	 186 	 60 	 14 
1192 	 1740 	 186 	 57 	 17 
1193 	 1740 	 188 	 59 	 13 
1194 	 1740 	 188 	 58 	 14 
1195 	 1740 	 186 	 59 	 15 
1196 	 1740 	 187 	 58 	 15 
1197 	 1740 	 188 	 56 	 16 
1198 	 1740 	 189 	 56 	 15 
1199 	 1740 	 189 	 54 	 17 
1200 	 1740 	 185 	 54 	 21 
1201 	 1740 	 185 	 53 	 22 
1202 	 1740 	 186 	 52 	 22 
1203 	 1740 	 188 	 53 	 19 
1204 	 1740 	 188 	 53 	 19 
1205 	 1740 	 188 	 53 	 19 
1206 	 1740 	 188 	 54 	 18 
1207 	 1740 	 191 	 54 	 15 
1208 	 1740 	 192 	 54 	 14 
1209 	 1740 	 191 	 54 	 15 
1210 	 1740 	 189 	 53 	 18 
1211 	 1740 	 199 	 54 	 7 
1212 	 1740 	 200 	 53 	 7 
1213 	 1740 	 200 	 51 	 9 
1214 	 1740 	 199 	 50 	 11 
1215 	 1740 	 197 	 50 	 13 
1216 	 1743 	 193 	 50 	 14 
1217 	 1743 	 196 	 48 	 13 
1218 	 1743 	 195 	 47 	 15 
1219 	 1743 	 197 	 46 	 14 
1220 	 1743 	 197 	 45 	 15 
1221 	 1743 	 197 	 48 	 12 
1222 	 1743 	 199 	 46 	 12 
1223 	 1743 	 200 	 46 	 11 
1224 	 1743 	 200 	 46 	 11 
1225 	 1743 	 202 	 46 	 9 
1226 	 1743 	 202 	 46 	 9 
1227 	 1743 	 205 	 46 	 6 
1228 	 1743 	 205 	 45 	 7 
1229 	 1743 	 205 	 44 	 8 
1230 	 1743 	 204 	 42 	 11 
1231 	 1743 	 202 	 41 	 14 
1232 	 1743 	 201 	 41 	 15 
1233 	 1743 	 206 	 39 	 12 
1234 	 1743 	 206 	 39 	 12 
1235 	 1743 	 206 	 39 	 12 
1236 	 1743 	 205 	 39 	 13 
1237 	 1743 	 203 	 38 	 16 
1238 	 1743 	 207 	 38 	 12 
1239 	 1743 	 208 	 37 	 12 
1240 	 1743 	 210 	 38 	 9 
1241 	 1743 	 212 	 39 	 6 
1242 	 1743 	 215 	 38 	 4 
1243 	 1743 	 215 	 36 	 6 
1244 	 1743 	 215 	 34 	 8 
1245 	 1743 	 215 	 35 	 7 
1246 	 1743 	 213 	 35 	 9 
1247 	 1743 	 215 	 36 	 6 
1248 	 1743 	 216 	 35 	 6 
1249 	 1743 	 218 	 33 	 6 
1250 	 1743 	 219 	 33 	 5 
1251 	 1743 	 218 	 33 	 6 
1252 	 1743 	 218 	 32 	 7 
1253 	 1743 	 217 	 33 	 7 
1254 	 1743 	 217 	 33 	 7 
1255 	 1743 	 221 	 33 	 3 
1256 	 1743 	 223 	 32 	 2 
1257 	 1743 	 223 	 31 	 3 
1258 	 1743 	 223 	 31 	 3 
1259 	 1743 	 223 	 31 	 3 
1260 	 1743 	 221 	 31 	 5 
1261 	 1743 	 224 	 31 	 2 
1262 	 1743 	 224 	 31 	 2 
1263 	 1743 	 224 	 27 	 6 
1264 	 1743 	 225 	 27 	 5 
1265 	 1743 	 225 	 27 	 5 
1266 	 1743 	 224 	 27 	 6 
1267 	 1743 	 224 	 27 	 6 
1268 	 1743 	 225 	 27 	 5 
1269 	 1743 	 226 	 26 	 5 
1270 	 1743 	 226 	 24 	 7 
1271 	 1743 	 227 	 23 	 7 
1272 	 1743 	 227 	 23 	 7 
1273 	 1743 	 226 	 22 	 9 
1274 	 1743 	 224 	 22 	 11 
1275 	 1743 	 223 	 23 	 11 
1276 	 1765 	 205 	 23 	 7 
1277 	 1765 	 205 	 23 	 7 
1278 	 1765 	 207 	 22 	 6 
1279 	 1765 	 206 	 21 	 8 
1280 	 1835 	 139 	 23 	 3 
1281 	 1835 	 139 	 23 	 3 
1282 	 1865 	 113 	 22 	 0 
1283 	 1865 	 113 	 21 	 1 
1284 	 1865 	 113 	 21 	 1 
1285 	 1865 	 113 	 21 	 1 
1286 	 1865 	 113 	 20 	 2 
1287 	 1865 	 113 	 20 	 2 
1288 	 1865 	 113 	 20 	 2 
1289 	 1865 	 113 	 19 	 3 
1290 	 1865 	 112 	 18 	 5 
1291 	 1865 	 113 	 17 	 5 
1292 	 1865 	 113 	 17 	 5 
1293 	 1865 	 113 	 17 	 5 
1294 	 1865 	 113 	 17 	 5 
1295 	 1865 	 113 	 16 	 6 
1296 	 1865 	 115 	 16 	 4 
1297 	 1865 	 114 	 16 	 5 
1298 	 1865 	 117 	 15 	 3 
1299 	 1865 	 117 	 15 	 3 
1300 	 1865 	 116 	 14 	 5 
1301 	 1865 	 116 	 15 	 4 
1302 	 1865 	 118 	 15 	 2 
1303 	 1865 	 119 	 15 	 1 
1304 	 1865 	 120 	 15 	 0 
1305 	 1865 	 120 	 14 	 1 
1306 	 1865 	 120 	 14 	 1 
1307 	 1865 	 119 	 13 	 3 
1308 	 1865 	 119 	 13 	 3 
1309 	 1865 	 119 	 13 	 3 
1310 	 1865 	 119 	 13 	 3 
1311 	 1865 	 119 	 13 	 3 
1312 	 1865 	 122 	 12 	 1 
1313 	 1865 	 122 	 12 	 1 
1314 	 1865 	 122 	 10 	 3 
1315 	 1865 	 122 	 10 	 3 
1316 	 1865 	 122 	 9 	 4 
1317 	 1865 	 121 	 9 	 5 
1318 	 1865 	 121 	 9 	 5 
1319 	 1865 	 121 	 9 	 5 
1320 	 1865 	 121 	 9 	 5 
1321 	 1865 	 118 	 9 	 8 
1322 	 1901 	 86 	 7 	 6 
1323 	 1901 	 86 	 8 	 5 
1324 	 1901 	 88 	 8 	 3 
1325 	 1901 	 90 	 8 	 1 
1326 	 1901 	 90 	 8 	 1 
1327 	 1901 	 91 	 8 	 0 
1328 	 1901 	 91 	 8 	 0 
1329 	 1901 	 91 	 8 	 0 
1330 	 1901 	 91 	 8 	 0 
1331 	 1901 	 91 	 8 	 0 
1332 	 1901 	 91 	 7 	 1 
1333 	 1917 	 76 	 7 	 0 
1334 	 1917 	 76 	 7 	 0 
1335 	 1917 	 76 	 7 	 0 
1336 	 1917 	 76 	 7 	 0 
1337 	 1917 	 76 	 7 	 0 
1338 	 1917 	 76 	 7 	 0 
1339 	 1917 	 76 	 6 	 1 
1340 	 1917 	 76 	 6 	 1 
1341 	 1917 	 76 	 5 	 2 
1342 	 1917 	 76 	 5 	 2 
1343 	 1917 	 76 	 5 	 2 
1344 	 1917 	 76 	 5 	 2 
1345 	 1917 	 77 	 5 	 1 
1346 	 1917 	 77 	 5 	 1 
1347 	 1917 	 77 	 5 	 1 
1348 	 1917 	 77 	 5 	 1 
1349 	 1917 	 78 	 5 	 0 
1350 	 1917 	 78 	 5 	 0 
1351 	 1917 	 78 	 5 	 0 
1352 	 1917 	 78 	 5 	 0 
1353 	 1917 	 78 	 5 	 0 
1354 	 1917 	 78 	 5 	 0 
1355 	 1917 	 78 	 4 	 1 
1356 	 1917 	 78 	 4 	 1 
1357 	 1917 	 78 	 4 	 1 
1358 	 1917 	 78 	 4 	 1 
1359 	 1917 	 77 	 4 	 2 
1360 	 1917 	 79 	 4 	 0 
1361 	 1917 	 79 	 4 	 0 
1362 	 1917 	 79 	 3 	 1 
1363 	 1917 	 79 	 3 	 1 
1364 	 1938 	 59 	 2 	 1 
1365 	 1938 	 59 	 2 	 1 
1366 	 1938 	 59 	 2 	 1 
1367 	 1938 	 59 	 2 	 1 
1368 	 1938 	 59 	 2 	 1 
1369 	 1938 	 59 	 1 	 2 
1370 	 1938 	 60 	 2 	 0 
1371 	 1938 	 60 	 2 	 0 
1372 	 1938 	 60 	 2 	 0 
1373 	 1938 	 60 	 2 	 0 
1374 	 1938 	 60 	 2 	 0 
1375 	 1938 	 60 	 2 	 0 
1376 	 1938 	 60 	 2 	 0 
1377 	 1938 	 60 	 2 	 0 
1378 	 1938 	 60 	 2 	 0 
1379 	 1938 	 60 	 2 	 0 
1380 	 1938 	 60 	 2 	 0 
1381 	 1938 	 60 	 2 	 0 
1382 	 1938 	 60 	 2 	 0 
1383 	 1938 	 60 	 2 	 0 
1384 	 1938 	 60 	 2 	 0 
1385 	 1938 	 60 	 2 	 0 
1386 	 1938 	 60 	 2 	 0 
1387 	 1938 	 60 	 2 	 0 
1388 	 1938 	 60 	 2 	 0 
1389 	 1938 	 60 	 2 	 0 
1390 	 1938 	 60 	 2 	 0 
1391 	 1938 	 60 	 2 	 0 
1392 	 1938 	 60 	 2 	 0 
1393 	 1938 	 60 	 2 	 0 
1394 	 1938 	 60 	 2 	 0 
1395 	 1938 	 60 	 2 	 0 
1396 	 1938 	 60 	 1 	 1 
1397 	 1938 	 60 	 0 	 2 
1398 	 1938 	 60 	 0 	 2 
1399 	 1938 	 60 	 0 	 2 
1400 	 1938 	 60 	 0 	 2 
1401 	 1938 	 59 	 0 	 3 
