1 	 2 	 0 	 0 	 1998 
2 	 4 	 0 	 0 	 1996 
3 	 6 	 0 	 0 	 1994 
4 	 9 	 0 	 0 	 1991 
5 	 12 	 0 	 0 	 1988 
6 	 14 	 0 	 0 	 1986 
7 	 15 	 3 	 1 	 1981 
8 	 18 	 5 	 4 	 1973 
9 	 18 	 15 	 8 	 1959 
10 	 18 	 18 	 11 	 1953 
11 	 24 	 21 	 18 	 1937 
12 	 27 	 31 	 21 	 1921 
13 	 30 	 38 	 32 	 1900 
14 	 33 	 49 	 42 	 1876 
15 	 34 	 59 	 51 	 1856 
16 	 36 	 71 	 60 	 1833 
17 	 37 	 82 	 73 	 1808 
18 	 38 	 97 	 87 	 1778 
19 	 40 	 109 	 102 	 1749 
20 	 40 	 118 	 115 	 1727 
21 	 42 	 132 	 121 	 1705 
22 	 42 	 149 	 137 	 1672 
23 	 42 	 176 	 143 	 1639 
24 	 42 	 189 	 162 	 1607 
25 	 42 	 206 	 177 	 1575 
26 	 52 	 217 	 190 	 1541 
27 	 56 	 237 	 203 	 1504 
28 	 56 	 250 	 214 	 1480 
29 	 56 	 256 	 226 	 1462 
30 	 56 	 272 	 236 	 1436 
31 	 56 	 289 	 244 	 1411 
32 	 56 	 301 	 259 	 1384 
33 	 56 	 307 	 271 	 1366 
34 	 56 	 322 	 285 	 1337 
35 	 56 	 336 	 294 	 1314 
36 	 56 	 355 	 311 	 1278 
37 	 56 	 378 	 331 	 1235 
38 	 56 	 394 	 345 	 1205 
39 	 56 	 405 	 357 	 1182 
40 	 56 	 416 	 370 	 1158 
41 	 56 	 432 	 380 	 1132 
42 	 56 	 447 	 389 	 1108 
43 	 56 	 446 	 394 	 1104 
44 	 56 	 463 	 409 	 1072 
45 	 56 	 475 	 409 	 1060 
46 	 56 	 491 	 415 	 1038 
47 	 56 	 492 	 427 	 1025 
48 	 56 	 496 	 433 	 1015 
49 	 80 	 477 	 432 	 1011 
50 	 80 	 492 	 441 	 987 
51 	 80 	 510 	 451 	 959 
52 	 80 	 521 	 460 	 939 
53 	 80 	 524 	 474 	 922 
54 	 80 	 533 	 478 	 909 
55 	 80 	 545 	 486 	 889 
56 	 80 	 547 	 493 	 880 
57 	 80 	 553 	 495 	 872 
58 	 80 	 553 	 502 	 865 
59 	 80 	 560 	 503 	 857 
60 	 80 	 570 	 511 	 839 
61 	 80 	 577 	 523 	 820 
62 	 80 	 579 	 527 	 814 
63 	 80 	 583 	 535 	 802 
64 	 80 	 596 	 540 	 784 
65 	 86 	 596 	 544 	 774 
66 	 86 	 609 	 553 	 752 
67 	 108 	 601 	 551 	 740 
68 	 108 	 611 	 554 	 727 
69 	 108 	 624 	 561 	 707 
70 	 108 	 622 	 569 	 701 
71 	 108 	 626 	 574 	 692 
72 	 108 	 633 	 574 	 685 
73 	 108 	 643 	 585 	 664 
74 	 108 	 647 	 589 	 656 
75 	 108 	 657 	 595 	 640 
76 	 108 	 661 	 590 	 641 
77 	 108 	 666 	 592 	 634 
78 	 108 	 675 	 593 	 624 
79 	 108 	 681 	 596 	 615 
80 	 108 	 696 	 602 	 594 
81 	 108 	 705 	 609 	 578 
82 	 108 	 713 	 602 	 577 
83 	 108 	 717 	 604 	 571 
84 	 108 	 716 	 621 	 555 
85 	 108 	 715 	 626 	 551 
86 	 119 	 715 	 635 	 531 
87 	 132 	 711 	 635 	 522 
88 	 132 	 710 	 632 	 526 
89 	 132 	 714 	 646 	 508 
90 	 132 	 707 	 642 	 519 
91 	 132 	 714 	 654 	 500 
92 	 132 	 717 	 659 	 492 
93 	 132 	 729 	 655 	 484 
94 	 132 	 719 	 648 	 501 
95 	 132 	 725 	 656 	 487 
96 	 132 	 730 	 657 	 481 
97 	 132 	 735 	 650 	 483 
98 	 132 	 746 	 652 	 470 
99 	 132 	 745 	 652 	 471 
100 	 132 	 756 	 650 	 462 
101 	 132 	 758 	 649 	 461 
102 	 132 	 761 	 648 	 459 
103 	 132 	 757 	 646 	 465 
104 	 132 	 762 	 653 	 453 
105 	 161 	 738 	 651 	 450 
106 	 161 	 732 	 653 	 454 
107 	 161 	 741 	 658 	 440 
108 	 161 	 753 	 656 	 430 
109 	 161 	 746 	 659 	 434 
110 	 161 	 747 	 667 	 425 
111 	 161 	 747 	 671 	 421 
112 	 161 	 756 	 670 	 413 
113 	 161 	 764 	 669 	 406 
114 	 161 	 761 	 673 	 405 
115 	 161 	 764 	 678 	 397 
116 	 161 	 766 	 679 	 394 
117 	 161 	 767 	 679 	 393 
118 	 161 	 766 	 677 	 396 
119 	 161 	 773 	 676 	 390 
120 	 161 	 770 	 671 	 398 
121 	 207 	 738 	 674 	 381 
122 	 207 	 742 	 676 	 375 
123 	 207 	 744 	 673 	 376 
124 	 207 	 746 	 677 	 370 
125 	 207 	 753 	 685 	 355 
126 	 207 	 753 	 689 	 351 
127 	 207 	 756 	 697 	 340 
128 	 211 	 759 	 702 	 328 
129 	 211 	 764 	 697 	 328 
130 	 211 	 766 	 694 	 329 
131 	 211 	 772 	 701 	 316 
132 	 211 	 778 	 687 	 324 
133 	 211 	 772 	 695 	 322 
134 	 211 	 777 	 702 	 310 
135 	 211 	 783 	 693 	 313 
136 	 211 	 790 	 693 	 306 
137 	 211 	 787 	 692 	 310 
138 	 211 	 781 	 691 	 317 
139 	 211 	 777 	 683 	 329 
140 	 211 	 789 	 694 	 306 
141 	 211 	 787 	 702 	 300 
142 	 211 	 794 	 694 	 301 
143 	 211 	 790 	 693 	 306 
144 	 255 	 745 	 696 	 304 
145 	 255 	 747 	 700 	 298 
146 	 255 	 754 	 707 	 284 
147 	 255 	 753 	 709 	 283 
148 	 255 	 763 	 710 	 272 
149 	 255 	 758 	 716 	 271 
150 	 255 	 760 	 712 	 273 
151 	 255 	 757 	 709 	 279 
152 	 255 	 757 	 701 	 287 
153 	 255 	 756 	 698 	 291 
154 	 271 	 747 	 699 	 283 
155 	 271 	 751 	 714 	 264 
156 	 271 	 744 	 716 	 269 
157 	 271 	 750 	 702 	 277 
158 	 271 	 751 	 707 	 271 
159 	 271 	 749 	 701 	 279 
160 	 271 	 749 	 699 	 281 
161 	 271 	 749 	 702 	 278 
162 	 271 	 752 	 701 	 276 
163 	 271 	 754 	 703 	 272 
164 	 309 	 725 	 700 	 266 
165 	 309 	 721 	 697 	 273 
166 	 309 	 714 	 696 	 281 
167 	 310 	 724 	 701 	 265 
168 	 310 	 736 	 694 	 260 
169 	 310 	 736 	 697 	 257 
170 	 310 	 742 	 685 	 263 
171 	 310 	 756 	 688 	 246 
172 	 310 	 749 	 683 	 258 
173 	 310 	 751 	 687 	 252 
174 	 310 	 750 	 680 	 260 
175 	 310 	 755 	 692 	 243 
176 	 310 	 757 	 697 	 236 
177 	 310 	 762 	 694 	 234 
178 	 310 	 759 	 698 	 233 
179 	 310 	 764 	 696 	 230 
180 	 310 	 768 	 695 	 227 
181 	 310 	 773 	 698 	 219 
182 	 310 	 765 	 694 	 231 
183 	 310 	 768 	 684 	 238 
184 	 310 	 770 	 685 	 235 
185 	 310 	 769 	 683 	 238 
186 	 310 	 769 	 681 	 240 
187 	 325 	 761 	 680 	 234 
188 	 325 	 769 	 676 	 230 
189 	 325 	 763 	 677 	 235 
190 	 359 	 732 	 671 	 238 
191 	 359 	 727 	 672 	 242 
192 	 359 	 727 	 671 	 243 
193 	 359 	 731 	 674 	 236 
194 	 359 	 732 	 684 	 225 
195 	 359 	 731 	 684 	 226 
196 	 359 	 717 	 689 	 235 
197 	 377 	 703 	 690 	 230 
198 	 377 	 708 	 686 	 229 
199 	 377 	 706 	 693 	 224 
200 	 377 	 707 	 689 	 227 
201 	 377 	 701 	 688 	 234 
202 	 377 	 701 	 681 	 241 
203 	 377 	 696 	 678 	 249 
204 	 377 	 696 	 687 	 240 
205 	 377 	 700 	 680 	 243 
206 	 377 	 705 	 679 	 239 
207 	 377 	 705 	 675 	 243 
208 	 377 	 702 	 682 	 239 
209 	 378 	 707 	 683 	 232 
210 	 378 	 712 	 684 	 226 
211 	 378 	 710 	 673 	 239 
212 	 378 	 717 	 673 	 232 
213 	 378 	 718 	 671 	 233 
214 	 378 	 716 	 670 	 236 
215 	 378 	 719 	 667 	 236 
216 	 378 	 724 	 665 	 233 
217 	 378 	 717 	 664 	 241 
218 	 378 	 721 	 667 	 234 
219 	 378 	 726 	 658 	 238 
220 	 378 	 724 	 659 	 239 
221 	 378 	 723 	 660 	 239 
222 	 378 	 725 	 654 	 243 
223 	 378 	 726 	 657 	 239 
224 	 378 	 729 	 661 	 232 
225 	 378 	 724 	 652 	 246 
226 	 378 	 728 	 653 	 241 
227 	 378 	 727 	 648 	 247 
228 	 378 	 729 	 654 	 239 
229 	 406 	 712 	 650 	 232 
230 	 406 	 710 	 649 	 235 
231 	 406 	 716 	 650 	 228 
232 	 406 	 713 	 653 	 228 
233 	 406 	 716 	 653 	 225 
234 	 406 	 719 	 652 	 223 
235 	 406 	 718 	 655 	 221 
236 	 406 	 713 	 652 	 229 
237 	 406 	 720 	 648 	 226 
238 	 406 	 725 	 641 	 228 
239 	 406 	 726 	 651 	 217 
240 	 406 	 732 	 655 	 207 
241 	 406 	 727 	 652 	 215 
242 	 406 	 730 	 646 	 218 
243 	 417 	 716 	 646 	 221 
244 	 417 	 722 	 648 	 213 
245 	 417 	 725 	 650 	 208 
246 	 417 	 722 	 651 	 210 
247 	 417 	 721 	 647 	 215 
248 	 417 	 721 	 649 	 213 
249 	 417 	 725 	 643 	 215 
250 	 417 	 720 	 641 	 222 
251 	 417 	 717 	 652 	 214 
252 	 417 	 717 	 648 	 218 
253 	 417 	 718 	 647 	 218 
254 	 417 	 726 	 644 	 213 
255 	 417 	 732 	 639 	 212 
256 	 417 	 727 	 645 	 211 
257 	 417 	 728 	 642 	 213 
258 	 417 	 726 	 643 	 214 
259 	 417 	 721 	 644 	 218 
260 	 417 	 722 	 648 	 213 
261 	 417 	 727 	 636 	 220 
262 	 417 	 724 	 638 	 221 
263 	 417 	 726 	 645 	 212 
264 	 417 	 725 	 633 	 225 
265 	 417 	 724 	 634 	 225 
266 	 417 	 735 	 641 	 207 
267 	 417 	 738 	 646 	 199 
268 	 417 	 737 	 645 	 201 
269 	 417 	 737 	 641 	 205 
270 	 417 	 737 	 645 	 201 
271 	 417 	 738 	 642 	 203 
272 	 417 	 732 	 642 	 209 
273 	 428 	 723 	 635 	 214 
274 	 428 	 719 	 636 	 217 
275 	 428 	 717 	 639 	 216 
276 	 428 	 720 	 636 	 216 
277 	 428 	 720 	 632 	 220 
278 	 428 	 732 	 628 	 212 
279 	 428 	 728 	 631 	 213 
280 	 428 	 734 	 634 	 204 
281 	 428 	 732 	 630 	 210 
282 	 428 	 733 	 630 	 209 
283 	 428 	 738 	 631 	 203 
284 	 428 	 746 	 629 	 197 
285 	 428 	 739 	 618 	 215 
286 	 428 	 737 	 612 	 223 
287 	 428 	 734 	 615 	 223 
288 	 428 	 737 	 611 	 224 
289 	 428 	 743 	 609 	 220 
290 	 428 	 747 	 607 	 218 
291 	 428 	 745 	 614 	 213 
292 	 428 	 748 	 622 	 202 
293 	 428 	 740 	 620 	 212 
294 	 524 	 650 	 623 	 203 
295 	 524 	 651 	 613 	 212 
296 	 524 	 649 	 613 	 214 
297 	 524 	 650 	 609 	 217 
298 	 524 	 660 	 607 	 209 
299 	 524 	 661 	 608 	 207 
300 	 524 	 654 	 613 	 209 
301 	 524 	 663 	 609 	 204 
302 	 524 	 667 	 610 	 199 
303 	 524 	 657 	 613 	 206 
304 	 524 	 665 	 614 	 197 
305 	 524 	 668 	 614 	 194 
306 	 524 	 672 	 614 	 190 
307 	 525 	 668 	 620 	 187 
308 	 525 	 672 	 617 	 186 
309 	 525 	 673 	 612 	 190 
310 	 559 	 639 	 613 	 189 
311 	 559 	 642 	 615 	 184 
312 	 559 	 632 	 612 	 197 
313 	 559 	 637 	 621 	 183 
314 	 559 	 641 	 620 	 180 
315 	 559 	 640 	 613 	 188 
316 	 559 	 638 	 608 	 195 
317 	 559 	 644 	 613 	 184 
318 	 559 	 635 	 613 	 193 
319 	 559 	 639 	 615 	 187 
320 	 559 	 647 	 612 	 182 
321 	 559 	 655 	 615 	 171 
322 	 559 	 662 	 620 	 159 
323 	 559 	 651 	 621 	 169 
324 	 559 	 655 	 621 	 165 
325 	 559 	 665 	 612 	 164 
326 	 559 	 664 	 607 	 170 
327 	 559 	 657 	 600 	 184 
328 	 559 	 663 	 604 	 174 
329 	 559 	 657 	 599 	 185 
330 	 559 	 656 	 598 	 187 
331 	 559 	 655 	 597 	 189 
332 	 559 	 657 	 589 	 195 
333 	 559 	 665 	 587 	 189 
334 	 559 	 666 	 579 	 196 
335 	 559 	 662 	 587 	 192 
336 	 559 	 664 	 589 	 188 
337 	 559 	 659 	 587 	 195 
338 	 559 	 658 	 582 	 201 
339 	 559 	 660 	 584 	 197 
340 	 559 	 667 	 587 	 187 
341 	 594 	 634 	 586 	 186 
342 	 594 	 639 	 584 	 183 
343 	 594 	 637 	 580 	 189 
344 	 594 	 634 	 571 	 201 
345 	 594 	 643 	 574 	 189 
346 	 594 	 644 	 584 	 178 
347 	 594 	 639 	 581 	 186 
348 	 594 	 637 	 575 	 194 
349 	 594 	 635 	 576 	 195 
350 	 594 	 639 	 576 	 191 
351 	 594 	 641 	 578 	 187 
352 	 594 	 644 	 571 	 191 
353 	 594 	 645 	 572 	 189 
354 	 594 	 647 	 568 	 191 
355 	 594 	 648 	 568 	 190 
356 	 594 	 646 	 569 	 191 
357 	 594 	 653 	 564 	 189 
358 	 594 	 647 	 574 	 185 
359 	 594 	 649 	 573 	 184 
360 	 594 	 654 	 563 	 189 
361 	 594 	 655 	 560 	 191 
362 	 594 	 655 	 564 	 187 
363 	 594 	 656 	 571 	 179 
364 	 594 	 653 	 566 	 187 
365 	 594 	 662 	 572 	 172 
366 	 594 	 657 	 571 	 178 
367 	 594 	 665 	 567 	 174 
368 	 594 	 667 	 568 	 171 
369 	 594 	 668 	 563 	 175 
370 	 594 	 668 	 553 	 185 
371 	 594 	 667 	 554 	 185 
372 	 594 	 670 	 555 	 181 
373 	 594 	 673 	 559 	 174 
374 	 594 	 674 	 553 	 179 
375 	 594 	 673 	 555 	 178 
376 	 594 	 676 	 555 	 175 
377 	 594 	 676 	 549 	 181 
378 	 594 	 679 	 556 	 171 
379 	 594 	 675 	 555 	 176 
380 	 594 	 677 	 552 	 177 
381 	 594 	 680 	 552 	 174 
382 	 594 	 680 	 547 	 179 
383 	 594 	 680 	 555 	 171 
384 	 594 	 679 	 558 	 169 
385 	 594 	 677 	 554 	 175 
386 	 594 	 677 	 554 	 175 
387 	 594 	 675 	 550 	 181 
388 	 602 	 670 	 557 	 171 
389 	 602 	 666 	 558 	 174 
390 	 602 	 677 	 566 	 155 
391 	 602 	 669 	 566 	 163 
392 	 619 	 658 	 565 	 158 
393 	 701 	 574 	 565 	 160 
394 	 701 	 578 	 569 	 152 
395 	 701 	 581 	 566 	 152 
396 	 717 	 571 	 575 	 137 
397 	 717 	 571 	 579 	 133 
398 	 717 	 576 	 575 	 132 
399 	 717 	 574 	 577 	 132 
400 	 717 	 575 	 579 	 129 
401 	 717 	 573 	 572 	 138 
402 	 717 	 576 	 578 	 129 
403 	 717 	 581 	 574 	 128 
404 	 717 	 584 	 570 	 129 
405 	 717 	 577 	 561 	 145 
406 	 717 	 576 	 560 	 147 
407 	 717 	 580 	 558 	 145 
408 	 717 	 578 	 556 	 149 
409 	 717 	 572 	 556 	 155 
410 	 717 	 566 	 552 	 165 
411 	 717 	 571 	 547 	 165 
412 	 717 	 572 	 550 	 161 
413 	 717 	 569 	 542 	 172 
414 	 717 	 566 	 545 	 172 
415 	 717 	 564 	 548 	 171 
416 	 717 	 566 	 550 	 167 
417 	 717 	 567 	 550 	 166 
418 	 717 	 565 	 552 	 166 
419 	 717 	 574 	 554 	 155 
420 	 717 	 572 	 551 	 160 
421 	 717 	 576 	 557 	 150 
422 	 717 	 573 	 546 	 164 
423 	 717 	 571 	 551 	 161 
424 	 717 	 569 	 545 	 169 
425 	 717 	 567 	 540 	 176 
426 	 717 	 576 	 545 	 162 
427 	 717 	 583 	 542 	 158 
428 	 717 	 577 	 540 	 166 
429 	 721 	 570 	 544 	 165 
430 	 748 	 545 	 545 	 162 
431 	 748 	 545 	 544 	 163 
432 	 748 	 545 	 540 	 167 
433 	 748 	 550 	 542 	 160 
434 	 748 	 549 	 546 	 157 
435 	 748 	 554 	 545 	 153 
436 	 748 	 555 	 547 	 150 
437 	 748 	 560 	 546 	 146 
438 	 748 	 563 	 543 	 146 
439 	 748 	 567 	 542 	 143 
440 	 748 	 565 	 543 	 144 
441 	 748 	 561 	 538 	 153 
442 	 748 	 560 	 541 	 151 
443 	 748 	 562 	 531 	 159 
444 	 748 	 562 	 539 	 151 
445 	 748 	 564 	 536 	 152 
446 	 748 	 564 	 542 	 146 
447 	 748 	 565 	 537 	 150 
448 	 748 	 558 	 533 	 161 
449 	 748 	 564 	 528 	 160 
450 	 748 	 559 	 528 	 165 
451 	 748 	 566 	 532 	 154 
452 	 748 	 560 	 534 	 158 
453 	 748 	 567 	 530 	 155 
454 	 748 	 571 	 525 	 156 
455 	 748 	 570 	 522 	 160 
456 	 748 	 568 	 521 	 163 
457 	 748 	 570 	 521 	 161 
458 	 748 	 571 	 520 	 161 
459 	 748 	 572 	 517 	 163 
460 	 748 	 570 	 518 	 164 
461 	 768 	 546 	 518 	 168 
462 	 768 	 553 	 520 	 159 
463 	 768 	 553 	 520 	 159 
464 	 768 	 556 	 511 	 165 
465 	 768 	 562 	 515 	 155 
466 	 768 	 560 	 516 	 156 
467 	 768 	 564 	 521 	 147 
468 	 768 	 560 	 515 	 157 
469 	 768 	 567 	 522 	 143 
470 	 768 	 564 	 527 	 141 
471 	 768 	 567 	 523 	 142 
472 	 768 	 572 	 518 	 142 
473 	 768 	 572 	 512 	 148 
474 	 768 	 574 	 511 	 147 
475 	 768 	 573 	 512 	 147 
476 	 768 	 575 	 512 	 145 
477 	 783 	 564 	 511 	 142 
478 	 783 	 557 	 506 	 154 
479 	 783 	 562 	 504 	 151 
480 	 783 	 566 	 507 	 144 
481 	 783 	 561 	 505 	 151 
482 	 783 	 558 	 508 	 151 
483 	 783 	 561 	 507 	 149 
484 	 783 	 563 	 503 	 151 
485 	 783 	 558 	 499 	 160 
486 	 783 	 562 	 498 	 157 
487 	 842 	 508 	 496 	 154 
488 	 842 	 516 	 498 	 144 
489 	 872 	 483 	 496 	 149 
490 	 872 	 487 	 496 	 145 
491 	 872 	 486 	 495 	 147 
492 	 872 	 480 	 493 	 155 
493 	 872 	 481 	 491 	 156 
494 	 872 	 481 	 493 	 154 
495 	 872 	 480 	 490 	 158 
496 	 872 	 481 	 491 	 156 
497 	 872 	 481 	 491 	 156 
498 	 872 	 484 	 494 	 150 
499 	 872 	 483 	 493 	 152 
500 	 872 	 486 	 484 	 158 
501 	 872 	 491 	 488 	 149 
502 	 872 	 491 	 492 	 145 
503 	 872 	 494 	 490 	 144 
504 	 872 	 498 	 486 	 144 
505 	 872 	 499 	 479 	 150 
506 	 872 	 499 	 480 	 149 
507 	 872 	 502 	 482 	 144 
508 	 872 	 499 	 483 	 146 
509 	 872 	 494 	 484 	 150 
510 	 872 	 502 	 483 	 143 
511 	 872 	 504 	 486 	 138 
512 	 872 	 505 	 485 	 138 
513 	 872 	 504 	 485 	 139 
514 	 872 	 507 	 474 	 147 
515 	 872 	 500 	 475 	 153 
516 	 872 	 498 	 470 	 160 
517 	 872 	 499 	 474 	 155 
518 	 872 	 503 	 475 	 150 
519 	 872 	 501 	 479 	 148 
520 	 872 	 502 	 478 	 148 
521 	 872 	 496 	 475 	 157 
522 	 884 	 488 	 479 	 149 
523 	 884 	 495 	 475 	 146 
524 	 886 	 498 	 472 	 144 
525 	 886 	 498 	 476 	 140 
526 	 886 	 502 	 469 	 143 
527 	 886 	 507 	 465 	 142 
528 	 886 	 509 	 466 	 139 
529 	 886 	 508 	 465 	 141 
530 	 886 	 509 	 465 	 140 
531 	 886 	 510 	 467 	 137 
532 	 886 	 510 	 471 	 133 
533 	 886 	 511 	 466 	 137 
534 	 886 	 505 	 470 	 139 
535 	 886 	 507 	 463 	 144 
536 	 886 	 514 	 465 	 135 
537 	 886 	 513 	 467 	 134 
538 	 886 	 513 	 470 	 131 
539 	 886 	 513 	 467 	 134 
540 	 886 	 513 	 467 	 134 
541 	 886 	 519 	 461 	 134 
542 	 886 	 513 	 468 	 133 
543 	 886 	 512 	 464 	 138 
544 	 886 	 517 	 464 	 133 
545 	 886 	 516 	 462 	 136 
546 	 886 	 521 	 463 	 130 
547 	 886 	 516 	 460 	 138 
548 	 886 	 511 	 453 	 150 
549 	 886 	 514 	 457 	 143 
550 	 886 	 516 	 461 	 137 
551 	 886 	 513 	 458 	 143 
552 	 886 	 514 	 454 	 146 
553 	 923 	 486 	 451 	 140 
554 	 923 	 485 	 448 	 144 
555 	 923 	 489 	 453 	 135 
556 	 923 	 498 	 455 	 124 
557 	 923 	 493 	 456 	 128 
558 	 923 	 493 	 462 	 122 
559 	 923 	 491 	 459 	 127 
560 	 923 	 495 	 454 	 128 
561 	 923 	 498 	 458 	 121 
562 	 923 	 496 	 449 	 132 
563 	 923 	 498 	 447 	 132 
564 	 923 	 499 	 441 	 137 
565 	 923 	 497 	 445 	 135 
566 	 923 	 498 	 443 	 136 
567 	 923 	 503 	 442 	 132 
568 	 923 	 502 	 442 	 133 
569 	 923 	 506 	 439 	 132 
570 	 923 	 509 	 441 	 127 
571 	 923 	 509 	 437 	 131 
572 	 923 	 502 	 437 	 138 
573 	 923 	 508 	 438 	 131 
574 	 923 	 500 	 444 	 133 
575 	 923 	 503 	 440 	 134 
576 	 923 	 506 	 441 	 130 
577 	 923 	 509 	 439 	 129 
578 	 923 	 513 	 441 	 123 
579 	 923 	 515 	 440 	 122 
580 	 923 	 516 	 442 	 119 
581 	 923 	 513 	 437 	 127 
582 	 945 	 500 	 437 	 118 
583 	 945 	 493 	 435 	 127 
584 	 945 	 491 	 435 	 129 
585 	 945 	 492 	 437 	 126 
586 	 945 	 496 	 432 	 127 
587 	 945 	 488 	 433 	 134 
588 	 945 	 493 	 428 	 134 
589 	 945 	 499 	 425 	 131 
590 	 945 	 500 	 427 	 128 
591 	 945 	 499 	 428 	 128 
592 	 945 	 496 	 430 	 129 
593 	 945 	 503 	 429 	 123 
594 	 945 	 507 	 424 	 124 
595 	 945 	 502 	 420 	 133 
596 	 945 	 504 	 423 	 128 
597 	 945 	 501 	 423 	 131 
598 	 945 	 501 	 420 	 134 
599 	 945 	 499 	 421 	 135 
600 	 945 	 502 	 422 	 131 
601 	 945 	 507 	 419 	 129 
602 	 945 	 509 	 422 	 124 
603 	 945 	 513 	 420 	 122 
604 	 945 	 515 	 419 	 121 
605 	 945 	 513 	 424 	 118 
606 	 945 	 514 	 422 	 119 
607 	 945 	 517 	 420 	 118 
608 	 945 	 519 	 418 	 118 
609 	 945 	 521 	 416 	 118 
610 	 945 	 518 	 418 	 119 
611 	 945 	 522 	 420 	 113 
612 	 945 	 527 	 413 	 115 
613 	 945 	 525 	 412 	 118 
614 	 945 	 529 	 406 	 120 
615 	 945 	 527 	 405 	 123 
616 	 945 	 523 	 406 	 126 
617 	 945 	 519 	 406 	 130 
618 	 945 	 521 	 401 	 133 
619 	 945 	 526 	 402 	 127 
620 	 945 	 529 	 407 	 119 
621 	 945 	 526 	 407 	 122 
622 	 945 	 526 	 404 	 125 
623 	 945 	 524 	 400 	 131 
624 	 945 	 526 	 395 	 134 
625 	 945 	 524 	 399 	 132 
626 	 945 	 523 	 396 	 136 
627 	 945 	 523 	 394 	 138 
628 	 945 	 527 	 394 	 134 
629 	 945 	 532 	 391 	 132 
630 	 945 	 531 	 393 	 131 
631 	 945 	 532 	 397 	 126 
632 	 945 	 532 	 394 	 129 
633 	 945 	 537 	 396 	 122 
634 	 945 	 540 	 396 	 119 
635 	 945 	 541 	 399 	 115 
636 	 945 	 541 	 398 	 116 
637 	 945 	 543 	 394 	 118 
638 	 945 	 544 	 395 	 116 
639 	 945 	 542 	 391 	 122 
640 	 945 	 543 	 390 	 122 
641 	 945 	 540 	 390 	 125 
642 	 945 	 547 	 387 	 121 
643 	 945 	 553 	 393 	 109 
644 	 945 	 550 	 388 	 117 
645 	 945 	 545 	 388 	 122 
646 	 945 	 542 	 384 	 129 
647 	 945 	 547 	 384 	 124 
648 	 945 	 550 	 385 	 120 
649 	 945 	 552 	 389 	 114 
650 	 945 	 553 	 388 	 114 
651 	 945 	 558 	 389 	 108 
652 	 945 	 553 	 386 	 116 
653 	 945 	 556 	 385 	 114 
654 	 945 	 555 	 381 	 119 
655 	 945 	 549 	 383 	 123 
656 	 945 	 552 	 383 	 120 
657 	 945 	 548 	 377 	 130 
658 	 945 	 548 	 371 	 136 
659 	 1087 	 410 	 369 	 134 
660 	 1087 	 416 	 374 	 123 
661 	 1087 	 416 	 373 	 124 
662 	 1087 	 418 	 378 	 117 
663 	 1087 	 419 	 377 	 117 
664 	 1087 	 420 	 376 	 117 
665 	 1087 	 424 	 376 	 113 
666 	 1087 	 417 	 377 	 119 
667 	 1087 	 422 	 375 	 116 
668 	 1087 	 426 	 372 	 115 
669 	 1087 	 424 	 373 	 116 
670 	 1087 	 419 	 371 	 123 
671 	 1091 	 419 	 366 	 124 
672 	 1091 	 421 	 369 	 119 
673 	 1091 	 421 	 370 	 118 
674 	 1091 	 413 	 369 	 127 
675 	 1091 	 418 	 371 	 120 
676 	 1091 	 419 	 372 	 118 
677 	 1091 	 419 	 373 	 117 
678 	 1091 	 423 	 373 	 113 
679 	 1091 	 421 	 369 	 119 
680 	 1091 	 426 	 369 	 114 
681 	 1091 	 428 	 367 	 114 
682 	 1091 	 424 	 359 	 126 
683 	 1091 	 423 	 362 	 124 
684 	 1091 	 427 	 366 	 116 
685 	 1091 	 425 	 366 	 118 
686 	 1091 	 428 	 363 	 118 
687 	 1091 	 434 	 369 	 106 
688 	 1091 	 434 	 368 	 107 
689 	 1091 	 434 	 368 	 107 
690 	 1091 	 432 	 362 	 115 
691 	 1091 	 438 	 363 	 108 
692 	 1091 	 438 	 363 	 108 
693 	 1091 	 441 	 365 	 103 
694 	 1091 	 440 	 366 	 103 
695 	 1091 	 442 	 363 	 104 
696 	 1091 	 442 	 364 	 103 
697 	 1091 	 438 	 360 	 111 
698 	 1091 	 446 	 362 	 101 
699 	 1091 	 445 	 354 	 110 
700 	 1091 	 445 	 350 	 114 
701 	 1091 	 442 	 359 	 108 
702 	 1091 	 436 	 357 	 116 
703 	 1091 	 442 	 355 	 112 
704 	 1091 	 442 	 356 	 111 
705 	 1091 	 439 	 353 	 117 
706 	 1091 	 442 	 352 	 115 
707 	 1091 	 449 	 347 	 113 
708 	 1091 	 448 	 347 	 114 
709 	 1091 	 447 	 349 	 113 
710 	 1091 	 448 	 351 	 110 
711 	 1091 	 454 	 352 	 103 
712 	 1091 	 455 	 350 	 104 
713 	 1091 	 452 	 352 	 105 
714 	 1091 	 455 	 347 	 107 
715 	 1091 	 454 	 349 	 106 
716 	 1091 	 461 	 353 	 95 
717 	 1091 	 455 	 351 	 103 
718 	 1091 	 456 	 349 	 104 
719 	 1091 	 450 	 349 	 110 
720 	 1091 	 454 	 351 	 104 
721 	 1091 	 456 	 354 	 99 
722 	 1091 	 457 	 355 	 97 
723 	 1091 	 459 	 356 	 94 
724 	 1091 	 458 	 356 	 95 
725 	 1091 	 463 	 354 	 92 
726 	 1091 	 465 	 350 	 94 
727 	 1091 	 470 	 349 	 90 
728 	 1091 	 472 	 348 	 89 
729 	 1091 	 473 	 347 	 89 
730 	 1091 	 474 	 341 	 94 
731 	 1091 	 479 	 345 	 85 
732 	 1091 	 479 	 340 	 90 
733 	 1091 	 474 	 342 	 93 
734 	 1091 	 475 	 344 	 90 
735 	 1091 	 478 	 346 	 85 
736 	 1091 	 475 	 342 	 92 
737 	 1091 	 482 	 344 	 83 
738 	 1091 	 485 	 336 	 88 
739 	 1091 	 483 	 337 	 89 
740 	 1091 	 482 	 333 	 94 
741 	 1091 	 484 	 333 	 92 
742 	 1091 	 487 	 332 	 90 
743 	 1091 	 483 	 336 	 90 
744 	 1091 	 486 	 328 	 95 
745 	 1091 	 489 	 326 	 94 
746 	 1091 	 489 	 326 	 94 
747 	 1091 	 491 	 324 	 94 
748 	 1091 	 493 	 322 	 94 
749 	 1091 	 489 	 324 	 96 
750 	 1091 	 488 	 327 	 94 
751 	 1091 	 489 	 328 	 92 
752 	 1091 	 489 	 326 	 94 
753 	 1095 	 489 	 330 	 86 
754 	 1095 	 491 	 331 	 83 
755 	 1095 	 492 	 329 	 84 
756 	 1095 	 495 	 327 	 83 
757 	 1095 	 493 	 331 	 81 
758 	 1095 	 493 	 334 	 78 
759 	 1095 	 497 	 333 	 75 
760 	 1095 	 499 	 332 	 74 
761 	 1095 	 500 	 327 	 78 
762 	 1095 	 502 	 330 	 73 
763 	 1095 	 500 	 330 	 75 
764 	 1095 	 505 	 327 	 73 
765 	 1095 	 503 	 329 	 73 
766 	 1095 	 500 	 330 	 75 
767 	 1095 	 505 	 323 	 77 
768 	 1095 	 506 	 320 	 79 
769 	 1095 	 505 	 321 	 79 
770 	 1158 	 448 	 317 	 77 
771 	 1158 	 444 	 315 	 83 
772 	 1158 	 437 	 315 	 90 
773 	 1158 	 442 	 317 	 83 
774 	 1158 	 444 	 317 	 81 
775 	 1158 	 444 	 319 	 79 
776 	 1158 	 448 	 315 	 79 
777 	 1158 	 450 	 318 	 74 
778 	 1158 	 448 	 318 	 76 
779 	 1158 	 447 	 318 	 77 
780 	 1158 	 453 	 315 	 74 
781 	 1158 	 453 	 314 	 75 
782 	 1158 	 455 	 308 	 79 
783 	 1158 	 460 	 310 	 72 
784 	 1158 	 460 	 302 	 80 
785 	 1158 	 460 	 303 	 79 
786 	 1158 	 463 	 298 	 81 
787 	 1158 	 462 	 298 	 82 
788 	 1158 	 462 	 299 	 81 
789 	 1158 	 459 	 297 	 86 
790 	 1158 	 458 	 301 	 83 
791 	 1158 	 460 	 303 	 79 
792 	 1158 	 458 	 303 	 81 
793 	 1158 	 457 	 300 	 85 
794 	 1158 	 457 	 298 	 87 
795 	 1158 	 459 	 298 	 85 
796 	 1158 	 458 	 291 	 93 
797 	 1247 	 372 	 288 	 93 
798 	 1247 	 374 	 282 	 97 
799 	 1247 	 371 	 281 	 101 
800 	 1247 	 376 	 283 	 94 
801 	 1247 	 375 	 285 	 93 
802 	 1247 	 373 	 289 	 91 
803 	 1247 	 377 	 292 	 84 
804 	 1247 	 383 	 293 	 77 
805 	 1247 	 381 	 293 	 79 
806 	 1247 	 379 	 291 	 83 
807 	 1247 	 377 	 291 	 85 
808 	 1276 	 354 	 291 	 79 
809 	 1276 	 358 	 288 	 78 
810 	 1276 	 354 	 291 	 79 
811 	 1276 	 355 	 292 	 77 
812 	 1320 	 315 	 290 	 75 
813 	 1320 	 310 	 292 	 78 
814 	 1320 	 315 	 289 	 76 
815 	 1320 	 314 	 294 	 72 
816 	 1320 	 314 	 288 	 78 
817 	 1320 	 313 	 288 	 79 
818 	 1320 	 316 	 286 	 78 
819 	 1320 	 312 	 283 	 85 
820 	 1320 	 318 	 284 	 78 
821 	 1320 	 317 	 284 	 79 
822 	 1320 	 320 	 284 	 76 
823 	 1320 	 318 	 279 	 83 
824 	 1320 	 320 	 281 	 79 
825 	 1320 	 319 	 278 	 83 
826 	 1320 	 328 	 278 	 74 
827 	 1320 	 329 	 282 	 69 
828 	 1320 	 327 	 280 	 73 
829 	 1320 	 327 	 280 	 73 
830 	 1320 	 330 	 280 	 70 
831 	 1320 	 332 	 282 	 66 
832 	 1320 	 333 	 283 	 64 
833 	 1320 	 332 	 279 	 69 
834 	 1335 	 319 	 282 	 64 
835 	 1335 	 317 	 283 	 65 
836 	 1335 	 320 	 280 	 65 
837 	 1335 	 322 	 279 	 64 
838 	 1335 	 320 	 279 	 66 
839 	 1335 	 322 	 276 	 67 
840 	 1335 	 316 	 272 	 77 
841 	 1335 	 317 	 271 	 77 
842 	 1335 	 320 	 269 	 76 
843 	 1335 	 315 	 265 	 85 
844 	 1335 	 317 	 262 	 86 
845 	 1335 	 323 	 261 	 81 
846 	 1335 	 321 	 263 	 81 
847 	 1335 	 323 	 263 	 79 
848 	 1335 	 319 	 259 	 87 
849 	 1335 	 320 	 265 	 80 
850 	 1335 	 323 	 266 	 76 
851 	 1335 	 324 	 262 	 79 
852 	 1335 	 324 	 263 	 78 
853 	 1335 	 319 	 260 	 86 
854 	 1335 	 319 	 263 	 83 
855 	 1335 	 321 	 259 	 85 
856 	 1335 	 327 	 261 	 77 
857 	 1335 	 327 	 262 	 76 
858 	 1335 	 326 	 260 	 79 
859 	 1335 	 330 	 259 	 76 
860 	 1335 	 332 	 257 	 76 
861 	 1335 	 333 	 256 	 76 
862 	 1335 	 337 	 257 	 71 
863 	 1335 	 339 	 258 	 68 
864 	 1335 	 341 	 261 	 63 
865 	 1335 	 337 	 260 	 68 
866 	 1335 	 346 	 262 	 57 
867 	 1335 	 346 	 264 	 55 
868 	 1335 	 348 	 258 	 59 
869 	 1335 	 344 	 259 	 62 
870 	 1335 	 341 	 258 	 66 
871 	 1335 	 337 	 255 	 73 
872 	 1335 	 338 	 256 	 71 
873 	 1335 	 339 	 254 	 72 
874 	 1335 	 339 	 251 	 75 
875 	 1335 	 335 	 255 	 75 
876 	 1335 	 342 	 254 	 69 
877 	 1335 	 345 	 252 	 68 
878 	 1335 	 344 	 248 	 73 
879 	 1335 	 347 	 247 	 71 
880 	 1335 	 350 	 247 	 68 
881 	 1335 	 347 	 245 	 73 
882 	 1335 	 346 	 247 	 72 
883 	 1335 	 346 	 245 	 74 
884 	 1335 	 347 	 243 	 75 
885 	 1335 	 345 	 240 	 80 
886 	 1335 	 343 	 240 	 82 
887 	 1335 	 344 	 246 	 75 
888 	 1335 	 343 	 245 	 77 
889 	 1358 	 318 	 244 	 80 
890 	 1358 	 320 	 244 	 78 
891 	 1358 	 320 	 239 	 83 
892 	 1358 	 324 	 234 	 84 
893 	 1358 	 325 	 235 	 82 
894 	 1358 	 324 	 235 	 83 
895 	 1358 	 327 	 237 	 78 
896 	 1358 	 336 	 237 	 69 
897 	 1358 	 338 	 241 	 63 
898 	 1358 	 335 	 238 	 69 
899 	 1358 	 335 	 235 	 72 
900 	 1358 	 337 	 237 	 68 
901 	 1358 	 337 	 238 	 67 
902 	 1358 	 338 	 233 	 71 
903 	 1358 	 340 	 232 	 70 
904 	 1358 	 342 	 226 	 74 
905 	 1358 	 343 	 232 	 67 
906 	 1358 	 343 	 230 	 69 
907 	 1358 	 339 	 226 	 77 
908 	 1417 	 279 	 228 	 76 
909 	 1417 	 274 	 227 	 82 
910 	 1417 	 284 	 229 	 70 
911 	 1417 	 285 	 224 	 74 
912 	 1417 	 285 	 225 	 73 
913 	 1417 	 287 	 226 	 70 
914 	 1417 	 286 	 228 	 69 
915 	 1417 	 286 	 224 	 73 
916 	 1417 	 286 	 222 	 75 
917 	 1417 	 284 	 220 	 79 
918 	 1438 	 269 	 220 	 73 
919 	 1438 	 269 	 223 	 70 
920 	 1438 	 268 	 223 	 71 
921 	 1438 	 276 	 222 	 64 
922 	 1438 	 272 	 223 	 67 
923 	 1438 	 272 	 219 	 71 
924 	 1438 	 277 	 220 	 65 
925 	 1438 	 276 	 221 	 65 
926 	 1438 	 276 	 224 	 62 
927 	 1438 	 277 	 221 	 64 
928 	 1438 	 275 	 223 	 64 
929 	 1438 	 278 	 224 	 60 
930 	 1438 	 280 	 223 	 59 
931 	 1438 	 279 	 223 	 60 
932 	 1438 	 278 	 223 	 61 
933 	 1438 	 292 	 223 	 47 
934 	 1438 	 294 	 220 	 48 
935 	 1438 	 296 	 220 	 46 
936 	 1438 	 296 	 215 	 51 
937 	 1438 	 292 	 213 	 57 
938 	 1438 	 291 	 211 	 60 
939 	 1438 	 293 	 211 	 58 
940 	 1438 	 294 	 211 	 57 
941 	 1438 	 295 	 215 	 52 
942 	 1438 	 294 	 211 	 57 
943 	 1462 	 270 	 208 	 60 
944 	 1462 	 270 	 206 	 62 
945 	 1462 	 270 	 204 	 64 
946 	 1462 	 272 	 203 	 63 
947 	 1462 	 275 	 201 	 62 
948 	 1462 	 282 	 202 	 54 
949 	 1462 	 281 	 202 	 55 
950 	 1462 	 279 	 200 	 59 
951 	 1462 	 281 	 202 	 55 
952 	 1462 	 283 	 202 	 53 
953 	 1462 	 282 	 198 	 58 
954 	 1462 	 284 	 196 	 58 
955 	 1462 	 282 	 196 	 60 
956 	 1462 	 282 	 192 	 64 
957 	 1462 	 284 	 192 	 62 
958 	 1462 	 283 	 189 	 66 
959 	 1462 	 285 	 187 	 66 
960 	 1462 	 288 	 189 	 61 
961 	 1462 	 288 	 189 	 61 
962 	 1462 	 288 	 189 	 61 
963 	 1462 	 288 	 191 	 59 
964 	 1462 	 285 	 190 	 63 
965 	 1462 	 288 	 188 	 62 
966 	 1462 	 288 	 191 	 59 
967 	 1462 	 287 	 191 	 60 
968 	 1462 	 290 	 191 	 57 
969 	 1462 	 291 	 190 	 57 
970 	 1462 	 291 	 189 	 58 
971 	 1462 	 298 	 189 	 51 
972 	 1462 	 298 	 194 	 46 
973 	 1462 	 297 	 190 	 51 
974 	 1462 	 296 	 188 	 54 
975 	 1462 	 299 	 186 	 53 
976 	 1462 	 300 	 187 	 51 
977 	 1462 	 300 	 188 	 50 
978 	 1462 	 299 	 188 	 51 
979 	 1462 	 299 	 187 	 52 
980 	 1462 	 301 	 187 	 50 
981 	 1462 	 300 	 187 	 51 
982 	 1462 	 301 	 188 	 49 
983 	 1462 	 307 	 189 	 42 
984 	 1462 	 309 	 188 	 41 
985 	 1462 	 307 	 184 	 47 
986 	 1462 	 309 	 186 	 43 
987 	 1462 	 307 	 187 	 44 
988 	 1462 	 308 	 187 	 43 
989 	 1462 	 310 	 185 	 43 
990 	 1462 	 312 	 187 	 39 
991 	 1462 	 311 	 184 	 43 
992 	 1462 	 310 	 180 	 48 
993 	 1462 	 312 	 180 	 46 
994 	 1462 	 312 	 180 	 46 
995 	 1462 	 313 	 179 	 46 
996 	 1462 	 309 	 177 	 52 
997 	 1462 	 308 	 180 	 50 
998 	 1462 	 307 	 177 	 54 
999 	 1462 	 308 	 174 	 56 
1000 	 1462 	 311 	 172 	 55 
1001 	 1462 	 312 	 171 	 55 
1002 	 1462 	 315 	 172 	 51 
1003 	 1462 	 317 	 171 	 50 
1004 	 1462 	 319 	 169 	 50 
1005 	 1462 	 316 	 167 	 55 
1006 	 1462 	 317 	 167 	 54 
1007 	 1462 	 316 	 168 	 54 
1008 	 1462 	 314 	 166 	 58 
1009 	 1462 	 311 	 169 	 58 
1010 	 1462 	 317 	 170 	 51 
1011 	 1462 	 316 	 171 	 51 
1012 	 1462 	 318 	 169 	 51 
1013 	 1462 	 320 	 165 	 53 
1014 	 1462 	 323 	 163 	 52 
1015 	 1462 	 320 	 163 	 55 
1016 	 1462 	 321 	 162 	 55 
1017 	 1551 	 235 	 164 	 50 
1018 	 1551 	 236 	 165 	 48 
1019 	 1551 	 238 	 162 	 49 
1020 	 1551 	 239 	 166 	 44 
1021 	 1551 	 238 	 164 	 47 
1022 	 1551 	 237 	 164 	 48 
1023 	 1551 	 237 	 161 	 51 
1024 	 1576 	 215 	 161 	 48 
1025 	 1576 	 215 	 161 	 48 
1026 	 1576 	 218 	 162 	 44 
1027 	 1576 	 219 	 161 	 44 
1028 	 1576 	 216 	 160 	 48 
1029 	 1576 	 220 	 163 	 41 
1030 	 1576 	 218 	 163 	 43 
1031 	 1576 	 224 	 165 	 35 
1032 	 1576 	 223 	 165 	 36 
1033 	 1576 	 222 	 163 	 39 
1034 	 1576 	 224 	 161 	 39 
1035 	 1576 	 225 	 158 	 41 
1036 	 1576 	 227 	 160 	 37 
1037 	 1576 	 226 	 160 	 38 
1038 	 1576 	 225 	 161 	 38 
1039 	 1576 	 231 	 162 	 31 
1040 	 1576 	 231 	 159 	 34 
1041 	 1576 	 231 	 157 	 36 
1042 	 1576 	 231 	 155 	 38 
1043 	 1576 	 231 	 156 	 37 
1044 	 1576 	 231 	 156 	 37 
1045 	 1576 	 230 	 159 	 35 
1046 	 1576 	 227 	 160 	 37 
1047 	 1576 	 229 	 160 	 35 
1048 	 1576 	 232 	 161 	 31 
1049 	 1576 	 230 	 161 	 33 
1050 	 1576 	 230 	 159 	 35 
1051 	 1576 	 230 	 159 	 35 
1052 	 1576 	 232 	 158 	 34 
1053 	 1601 	 209 	 153 	 37 
1054 	 1601 	 210 	 151 	 38 
1055 	 1601 	 207 	 150 	 42 
1056 	 1601 	 212 	 151 	 36 
1057 	 1601 	 209 	 147 	 43 
1058 	 1601 	 213 	 148 	 38 
1059 	 1601 	 211 	 146 	 42 
1060 	 1601 	 209 	 148 	 42 
1061 	 1601 	 212 	 145 	 42 
1062 	 1601 	 213 	 144 	 42 
1063 	 1601 	 216 	 144 	 39 
1064 	 1601 	 215 	 140 	 44 
1065 	 1601 	 222 	 142 	 35 
1066 	 1601 	 219 	 141 	 39 
1067 	 1601 	 215 	 142 	 42 
1068 	 1601 	 218 	 146 	 35 
1069 	 1601 	 219 	 145 	 35 
1070 	 1601 	 220 	 143 	 36 
1071 	 1601 	 223 	 142 	 34 
1072 	 1601 	 227 	 144 	 28 
1073 	 1601 	 229 	 141 	 29 
1074 	 1601 	 228 	 139 	 32 
1075 	 1601 	 225 	 138 	 36 
1076 	 1601 	 227 	 136 	 36 
1077 	 1601 	 228 	 136 	 35 
1078 	 1601 	 230 	 136 	 33 
1079 	 1601 	 231 	 134 	 34 
1080 	 1601 	 231 	 134 	 34 
1081 	 1601 	 230 	 133 	 36 
1082 	 1601 	 232 	 133 	 34 
1083 	 1601 	 229 	 134 	 36 
1084 	 1601 	 229 	 130 	 40 
1085 	 1601 	 229 	 132 	 38 
1086 	 1601 	 233 	 128 	 38 
1087 	 1601 	 237 	 129 	 33 
1088 	 1601 	 235 	 131 	 33 
1089 	 1601 	 236 	 128 	 35 
1090 	 1601 	 236 	 130 	 33 
1091 	 1601 	 238 	 130 	 31 
1092 	 1601 	 238 	 129 	 32 
1093 	 1601 	 240 	 128 	 31 
1094 	 1601 	 240 	 126 	 33 
1095 	 1601 	 242 	 128 	 29 
1096 	 1601 	 239 	 126 	 34 
1097 	 1601 	 241 	 126 	 32 
1098 	 1601 	 245 	 129 	 25 
1099 	 1601 	 247 	 129 	 23 
1100 	 1601 	 250 	 126 	 23 
1101 	 1601 	 250 	 119 	 30 
1102 	 1601 	 251 	 118 	 30 
1103 	 1601 	 247 	 118 	 34 
1104 	 1601 	 249 	 116 	 34 
1105 	 1601 	 249 	 116 	 34 
1106 	 1601 	 249 	 116 	 34 
1107 	 1601 	 248 	 117 	 34 
1108 	 1646 	 207 	 116 	 31 
1109 	 1646 	 207 	 119 	 28 
1110 	 1646 	 205 	 117 	 32 
1111 	 1646 	 207 	 117 	 30 
1112 	 1646 	 208 	 114 	 32 
1113 	 1646 	 209 	 112 	 33 
1114 	 1646 	 211 	 112 	 31 
1115 	 1646 	 211 	 109 	 34 
1116 	 1646 	 213 	 110 	 31 
1117 	 1646 	 211 	 107 	 36 
1118 	 1646 	 211 	 107 	 36 
1119 	 1646 	 212 	 105 	 37 
1120 	 1646 	 211 	 100 	 43 
1121 	 1650 	 205 	 101 	 44 
1122 	 1650 	 208 	 102 	 40 
1123 	 1650 	 206 	 100 	 44 
1124 	 1650 	 209 	 102 	 39 
1125 	 1650 	 211 	 102 	 37 
1126 	 1650 	 212 	 101 	 37 
1127 	 1650 	 216 	 101 	 33 
1128 	 1650 	 216 	 100 	 34 
1129 	 1650 	 216 	 98 	 36 
1130 	 1650 	 217 	 96 	 37 
1131 	 1650 	 214 	 96 	 40 
1132 	 1650 	 219 	 96 	 35 
1133 	 1650 	 218 	 100 	 32 
1134 	 1650 	 221 	 98 	 31 
1135 	 1650 	 224 	 95 	 31 
1136 	 1650 	 223 	 95 	 32 
1137 	 1650 	 222 	 92 	 36 
1138 	 1650 	 221 	 90 	 39 
1139 	 1650 	 219 	 87 	 44 
1140 	 1650 	 220 	 90 	 40 
1141 	 1650 	 219 	 92 	 39 
1142 	 1650 	 220 	 94 	 36 
1143 	 1650 	 219 	 95 	 36 
1144 	 1650 	 223 	 94 	 33 
1145 	 1650 	 225 	 93 	 32 
1146 	 1650 	 225 	 93 	 32 
1147 	 1650 	 224 	 94 	 32 
1148 	 1650 	 222 	 92 	 36 
1149 	 1687 	 187 	 91 	 35 
1150 	 1687 	 191 	 93 	 29 
1151 	 1687 	 195 	 92 	 26 
1152 	 1687 	 194 	 91 	 28 
1153 	 1687 	 192 	 91 	 30 
1154 	 1687 	 195 	 90 	 28 
1155 	 1687 	 196 	 90 	 27 
1156 	 1687 	 194 	 89 	 30 
1157 	 1687 	 194 	 87 	 32 
1158 	 1687 	 193 	 87 	 33 
1159 	 1687 	 196 	 86 	 31 
1160 	 1687 	 196 	 88 	 29 
1161 	 1724 	 167 	 86 	 23 
1162 	 1724 	 167 	 82 	 27 
1163 	 1724 	 168 	 84 	 24 
1164 	 1724 	 168 	 82 	 26 
1165 	 1724 	 168 	 82 	 26 
1166 	 1724 	 165 	 82 	 29 
1167 	 1724 	 166 	 83 	 27 
1168 	 1724 	 168 	 84 	 24 
1169 	 1724 	 171 	 84 	 21 
1170 	 1724 	 173 	 83 	 20 
1171 	 1724 	 172 	 83 	 21 
1172 	 1724 	 175 	 81 	 20 
1173 	 1724 	 176 	 81 	 19 
1174 	 1724 	 179 	 82 	 15 
1175 	 1724 	 178 	 79 	 19 
1176 	 1724 	 178 	 80 	 18 
1177 	 1724 	 182 	 79 	 15 
1178 	 1724 	 180 	 78 	 18 
1179 	 1724 	 178 	 76 	 22 
1180 	 1724 	 178 	 75 	 23 
1181 	 1724 	 178 	 74 	 24 
1182 	 1724 	 183 	 77 	 16 
1183 	 1724 	 178 	 73 	 25 
1184 	 1724 	 181 	 74 	 21 
1185 	 1724 	 185 	 73 	 18 
1186 	 1724 	 187 	 72 	 17 
1187 	 1724 	 186 	 71 	 19 
1188 	 1724 	 185 	 71 	 20 
1189 	 1724 	 183 	 72 	 21 
1190 	 1724 	 182 	 72 	 22 
1191 	 1724 	 184 	 71 	 21 
1192 	 1724 	 186 	 68 	 22 
1193 	 1724 	 186 	 66 	 24 
1194 	 1724 	 185 	 67 	 24 
1195 	 1724 	 184 	 67 	 25 
1196 	 1724 	 183 	 68 	 25 
1197 	 1724 	 185 	 68 	 23 
1198 	 1724 	 185 	 64 	 27 
1199 	 1724 	 188 	 66 	 22 
1200 	 1724 	 188 	 64 	 24 
1201 	 1724 	 191 	 65 	 20 
1202 	 1724 	 190 	 63 	 23 
1203 	 1724 	 195 	 61 	 20 
1204 	 1724 	 196 	 60 	 20 
1205 	 1724 	 194 	 60 	 22 
1206 	 1724 	 195 	 59 	 22 
1207 	 1724 	 198 	 57 	 21 
1208 	 1724 	 197 	 56 	 23 
1209 	 1724 	 198 	 56 	 22 
1210 	 1724 	 198 	 57 	 21 
1211 	 1724 	 195 	 58 	 23 
1212 	 1724 	 197 	 58 	 21 
1213 	 1724 	 199 	 57 	 20 
1214 	 1724 	 200 	 57 	 19 
1215 	 1724 	 202 	 57 	 17 
1216 	 1724 	 204 	 55 	 17 
1217 	 1724 	 203 	 55 	 18 
1218 	 1724 	 204 	 55 	 17 
1219 	 1724 	 206 	 52 	 18 
1220 	 1724 	 206 	 51 	 19 
1221 	 1724 	 203 	 50 	 23 
1222 	 1724 	 204 	 50 	 22 
1223 	 1724 	 206 	 49 	 21 
1224 	 1724 	 206 	 50 	 20 
1225 	 1724 	 205 	 51 	 20 
1226 	 1724 	 205 	 50 	 21 
1227 	 1724 	 207 	 51 	 18 
1228 	 1724 	 208 	 51 	 17 
1229 	 1724 	 208 	 49 	 19 
1230 	 1724 	 211 	 49 	 16 
1231 	 1724 	 209 	 47 	 20 
1232 	 1724 	 209 	 47 	 20 
1233 	 1724 	 211 	 48 	 17 
1234 	 1724 	 211 	 48 	 17 
1235 	 1724 	 211 	 47 	 18 
1236 	 1724 	 212 	 49 	 15 
1237 	 1724 	 218 	 49 	 9 
1238 	 1724 	 222 	 48 	 6 
1239 	 1724 	 222 	 48 	 6 
1240 	 1724 	 221 	 46 	 9 
1241 	 1724 	 221 	 47 	 8 
1242 	 1724 	 221 	 47 	 8 
1243 	 1724 	 223 	 47 	 6 
1244 	 1724 	 222 	 47 	 7 
1245 	 1724 	 222 	 46 	 8 
1246 	 1724 	 219 	 46 	 11 
1247 	 1724 	 223 	 44 	 9 
1248 	 1724 	 221 	 44 	 11 
1249 	 1724 	 221 	 42 	 13 
1250 	 1724 	 227 	 41 	 8 
1251 	 1724 	 228 	 40 	 8 
1252 	 1724 	 225 	 40 	 11 
1253 	 1724 	 225 	 38 	 13 
1254 	 1724 	 226 	 38 	 12 
1255 	 1724 	 228 	 38 	 10 
1256 	 1724 	 228 	 37 	 11 
1257 	 1724 	 228 	 36 	 12 
1258 	 1724 	 228 	 36 	 12 
1259 	 1724 	 228 	 35 	 13 
1260 	 1724 	 231 	 38 	 7 
1261 	 1724 	 233 	 38 	 5 
1262 	 1724 	 233 	 37 	 6 
1263 	 1724 	 233 	 37 	 6 
1264 	 1724 	 231 	 35 	 10 
1265 	 1724 	 229 	 35 	 12 
1266 	 1724 	 233 	 35 	 8 
1267 	 1724 	 235 	 35 	 6 
1268 	 1724 	 234 	 33 	 9 
1269 	 1724 	 236 	 34 	 6 
1270 	 1724 	 238 	 32 	 6 
1271 	 1724 	 238 	 31 	 7 
1272 	 1724 	 238 	 30 	 8 
1273 	 1724 	 239 	 31 	 6 
1274 	 1724 	 238 	 29 	 9 
1275 	 1724 	 238 	 29 	 9 
1276 	 1724 	 238 	 28 	 10 
1277 	 1724 	 241 	 27 	 8 
1278 	 1724 	 240 	 26 	 10 
1279 	 1724 	 238 	 25 	 13 
1280 	 1724 	 238 	 25 	 13 
1281 	 1724 	 237 	 24 	 15 
1282 	 1724 	 239 	 22 	 15 
1283 	 1724 	 239 	 22 	 15 
1284 	 1724 	 240 	 22 	 14 
1285 	 1724 	 239 	 23 	 14 
1286 	 1724 	 237 	 23 	 16 
1287 	 1724 	 238 	 22 	 16 
1288 	 1724 	 239 	 22 	 15 
1289 	 1724 	 242 	 22 	 12 
1290 	 1724 	 246 	 22 	 8 
1291 	 1724 	 248 	 22 	 6 
1292 	 1724 	 247 	 22 	 7 
1293 	 1724 	 251 	 21 	 4 
1294 	 1724 	 251 	 20 	 5 
1295 	 1724 	 251 	 20 	 5 
1296 	 1724 	 249 	 20 	 7 
1297 	 1724 	 250 	 20 	 6 
1298 	 1724 	 250 	 19 	 7 
1299 	 1724 	 251 	 20 	 5 
1300 	 1724 	 253 	 20 	 3 
1301 	 1724 	 253 	 20 	 3 
1302 	 1724 	 255 	 19 	 2 
1303 	 1724 	 256 	 19 	 1 
1304 	 1724 	 255 	 18 	 3 
1305 	 1724 	 255 	 16 	 5 
1306 	 1724 	 255 	 17 	 4 
1307 	 1724 	 255 	 16 	 5 
1308 	 1724 	 254 	 16 	 6 
1309 	 1724 	 255 	 16 	 5 
1310 	 1724 	 257 	 16 	 3 
1311 	 1724 	 257 	 15 	 4 
1312 	 1724 	 257 	 14 	 5 
1313 	 1724 	 257 	 15 	 4 
1314 	 1724 	 256 	 14 	 6 
1315 	 1724 	 255 	 14 	 7 
1316 	 1724 	 254 	 14 	 8 
1317 	 1724 	 253 	 14 	 9 
1318 	 1766 	 219 	 14 	 1 
1319 	 1766 	 220 	 14 	 0 
1320 	 1766 	 220 	 14 	 0 
1321 	 1766 	 220 	 14 	 0 
1322 	 1766 	 220 	 14 	 0 
1323 	 1766 	 220 	 14 	 0 
1324 	 1766 	 218 	 14 	 2 
1325 	 1766 	 218 	 14 	 2 
1326 	 1883 	 104 	 13 	 0 
1327 	 1883 	 104 	 13 	 0 
1328 	 1883 	 104 	 13 	 0 
1329 	 1883 	 104 	 12 	 1 
1330 	 1883 	 104 	 12 	 1 
1331 	 1883 	 104 	 11 	 2 
1332 	 1883 	 104 	 11 	 2 
1333 	 1883 	 104 	 11 	 2 
1334 	 1883 	 105 	 11 	 1 
1335 	 1883 	 105 	 10 	 2 
1336 	 1883 	 105 	 9 	 3 
1337 	 1883 	 105 	 9 	 3 
1338 	 1883 	 105 	 9 	 3 
1339 	 1883 	 105 	 9 	 3 
1340 	 1883 	 105 	 9 	 3 
1341 	 1883 	 104 	 9 	 4 
1342 	 1883 	 101 	 8 	 8 
1343 	 1883 	 108 	 8 	 1 
1344 	 1883 	 108 	 8 	 1 
1345 	 1883 	 108 	 8 	 1 
1346 	 1883 	 108 	 8 	 1 
1347 	 1883 	 109 	 8 	 0 
1348 	 1883 	 109 	 8 	 0 
1349 	 1883 	 109 	 7 	 1 
1350 	 1883 	 109 	 7 	 1 
1351 	 1883 	 109 	 7 	 1 
1352 	 1883 	 109 	 7 	 1 
1353 	 1883 	 109 	 6 	 2 
1354 	 1883 	 109 	 6 	 2 
1355 	 1883 	 109 	 6 	 2 
1356 	 1883 	 109 	 6 	 2 
1357 	 1883 	 109 	 6 	 2 
1358 	 1883 	 108 	 6 	 3 
1359 	 1883 	 111 	 6 	 0 
1360 	 1883 	 111 	 6 	 0 
1361 	 1883 	 111 	 6 	 0 
1362 	 1883 	 111 	 6 	 0 
1363 	 1883 	 111 	 6 	 0 
1364 	 1883 	 111 	 6 	 0 
1365 	 1883 	 111 	 5 	 1 
1366 	 1883 	 111 	 5 	 1 
1367 	 1883 	 111 	 5 	 1 
1368 	 1883 	 111 	 5 	 1 
1369 	 1883 	 111 	 5 	 1 
1370 	 1883 	 112 	 5 	 0 
1371 	 1883 	 112 	 5 	 0 
1372 	 1883 	 111 	 5 	 1 
1373 	 1883 	 111 	 5 	 1 
1374 	 1883 	 110 	 5 	 2 
1375 	 1919 	 77 	 4 	 0 
1376 	 1919 	 77 	 4 	 0 
1377 	 1919 	 77 	 4 	 0 
1378 	 1919 	 77 	 4 	 0 
1379 	 1919 	 77 	 4 	 0 
1380 	 1919 	 77 	 4 	 0 
1381 	 1919 	 77 	 4 	 0 
1382 	 1919 	 77 	 4 	 0 
1383 	 1919 	 77 	 4 	 0 
1384 	 1919 	 77 	 4 	 0 
1385 	 1919 	 75 	 4 	 2 
1386 	 1919 	 72 	 4 	 5 
1387 	 1977 	 20 	 3 	 0 
1388 	 1977 	 20 	 3 	 0 
1389 	 1977 	 20 	 3 	 0 
1390 	 1977 	 20 	 3 	 0 
1391 	 1977 	 20 	 2 	 1 
1392 	 1977 	 20 	 2 	 1 
1393 	 1977 	 20 	 2 	 1 
1394 	 1977 	 20 	 2 	 1 
1395 	 1977 	 20 	 2 	 1 
1396 	 1977 	 21 	 2 	 0 
1397 	 1977 	 21 	 2 	 0 
1398 	 1977 	 21 	 2 	 0 
1399 	 1977 	 21 	 2 	 0 
1400 	 1977 	 21 	 2 	 0 
1401 	 1977 	 21 	 2 	 0 
1402 	 1977 	 21 	 2 	 0 
1403 	 1977 	 21 	 2 	 0 
1404 	 1977 	 21 	 2 	 0 
1405 	 1977 	 21 	 2 	 0 
1406 	 1977 	 21 	 2 	 0 
1407 	 1977 	 21 	 2 	 0 
1408 	 1977 	 21 	 2 	 0 
1409 	 1977 	 21 	 2 	 0 
1410 	 1977 	 21 	 2 	 0 
1411 	 1977 	 21 	 2 	 0 
1412 	 1977 	 21 	 2 	 0 
1413 	 1977 	 21 	 2 	 0 
1414 	 1977 	 21 	 2 	 0 
1415 	 1977 	 21 	 2 	 0 
1416 	 1977 	 21 	 2 	 0 
1417 	 1977 	 21 	 2 	 0 
1418 	 1977 	 21 	 2 	 0 
1419 	 1977 	 21 	 2 	 0 
1420 	 1977 	 21 	 2 	 0 
1421 	 1977 	 21 	 2 	 0 
1422 	 1977 	 21 	 2 	 0 
1423 	 1977 	 21 	 2 	 0 
1424 	 1977 	 21 	 1 	 1 
1425 	 1977 	 21 	 1 	 1 
1426 	 1977 	 21 	 1 	 1 
1427 	 1977 	 21 	 1 	 1 
1428 	 1977 	 20 	 1 	 2 
1429 	 1977 	 22 	 1 	 0 
1430 	 1977 	 22 	 1 	 0 
1431 	 1977 	 22 	 1 	 0 
1432 	 1977 	 22 	 1 	 0 
1433 	 1977 	 22 	 1 	 0 
1434 	 1977 	 22 	 1 	 0 
1435 	 1977 	 22 	 1 	 0 
1436 	 1977 	 22 	 1 	 0 
1437 	 1977 	 22 	 1 	 0 
1438 	 1977 	 22 	 1 	 0 
1439 	 1993 	 7 	 0 	 0 
1440 	 1993 	 7 	 0 	 0 
1441 	 1993 	 7 	 0 	 0 
1442 	 1993 	 7 	 0 	 0 
1443 	 1993 	 7 	 0 	 0 
1444 	 1993 	 7 	 0 	 0 
1445 	 1993 	 7 	 0 	 0 
1446 	 1993 	 7 	 0 	 0 
1447 	 1993 	 7 	 0 	 0 
1448 	 1993 	 7 	 0 	 0 
1449 	 1993 	 7 	 0 	 0 
1450 	 1993 	 7 	 0 	 0 
1451 	 1993 	 7 	 0 	 0 
1452 	 1993 	 7 	 0 	 0 
1453 	 1993 	 7 	 0 	 0 
1454 	 1993 	 7 	 0 	 0 
1455 	 1993 	 7 	 0 	 0 
1456 	 1993 	 7 	 0 	 0 
1457 	 1993 	 7 	 0 	 0 
1458 	 1993 	 7 	 0 	 0 
1459 	 1993 	 7 	 0 	 0 
1460 	 1993 	 7 	 0 	 0 
1461 	 1993 	 7 	 0 	 0 
1462 	 1993 	 7 	 0 	 0 
1463 	 1993 	 7 	 0 	 0 
1464 	 1993 	 7 	 0 	 0 
1465 	 1993 	 7 	 0 	 0 
1466 	 1993 	 7 	 0 	 0 
1467 	 1993 	 7 	 0 	 0 
1468 	 1993 	 7 	 0 	 0 
1469 	 1993 	 7 	 0 	 0 
1470 	 1993 	 7 	 0 	 0 
1471 	 1993 	 7 	 0 	 0 
1472 	 1993 	 7 	 0 	 0 
1473 	 1993 	 7 	 0 	 0 
1474 	 1993 	 7 	 0 	 0 
1475 	 1993 	 7 	 0 	 0 
1476 	 1993 	 7 	 0 	 0 
