100 	 3 	 1290
100 	 1 	 1590
100 	 2 	 1395
100 	 4 	 1875
100 	 7 	 990
100 	 8 	 1035
100 	 5 	 1485
100 	 6 	 1650
100 	 10 	 1125
100 	 9 	 1665
100 	 11 	 2325
100 	 12 	 2265
100 	 13 	 1050
100 	 14 	 1455
100 	 16 	 1515
100 	 15 	 1545
100 	 18 	 1185
100 	 19 	 1095
100 	 17 	 1710
100 	 20 	 2670
100 	 22 	 1185
100 	 21 	 1395
100 	 23 	 1575
100 	 24 	 1620
100 	 25 	 1215
100 	 27 	 1395
100 	 26 	 1560
100 	 28 	 1920
100 	 30 	 1575
100 	 29 	 1515
100 	 31 	 1290
100 	 32 	 1335
100 	 35 	 1260
100 	 34 	 1365
100 	 36 	 1350
100 	 33 	 1680
100 	 37 	 1185
100 	 39 	 1110
100 	 40 	 1440
100 	 38 	 1500
100 	 43 	 1230
100 	 44 	 1065
100 	 42 	 2025
100 	 41 	 1545
100 	 45 	 1290
100 	 47 	 1380
100 	 46 	 1635
100 	 48 	 1575
100 	 49 	 1275
100 	 52 	 1290
100 	 51 	 1455
100 	 50 	 2250
100 	 55 	 1020
100 	 54 	 1410
100 	 53 	 1740
100 	 56 	 1515
100 	 57 	 1260
100 	 58 	 1125
100 	 60 	 1125
100 	 59 	 1335
100 	 62 	 1230
100 	 63 	 1200
100 	 64 	 1755
100 	 61 	 2040
100 	 67 	 1125
100 	 66 	 1275
100 	 68 	 1215
100 	 65 	 1680
100 	 69 	 1140
100 	 71 	 1050
100 	 70 	 1740
100 	 72 	 1860
100 	 73 	 1140
100 	 74 	 1440
100 	 75 	 1485
100 	 76 	 1245
100 	 78 	 1245
100 	 80 	 825
100 	 77 	 1695
100 	 79 	 2790
100 	 83 	 1140
100 	 81 	 1335
100 	 82 	 1350
100 	 84 	 1920
100 	 86 	 1335
100 	 85 	 1605
100 	 87 	 1740
100 	 90 	 1635
100 	 89 	 1410
100 	 88 	 1470
100 	 91 	 1605
100 	 92 	 1080
100 	 95 	 1305
100 	 93 	 1680
100 	 94 	 1365
100 	 98 	 1275
100 	 97 	 1365
100 	 99 	 1320
100 	 96 	 1875
100 	 100 	 1635
200 	 3 	 3600
200 	 2 	 3680
200 	 1 	 3700
200 	 4 	 3740
200 	 5 	 2620
200 	 6 	 3700
200 	 8 	 2960
200 	 7 	 4580
200 	 9 	 3400
200 	 11 	 3240
200 	 10 	 3840
200 	 12 	 3400
200 	 14 	 3560
200 	 15 	 3440
200 	 13 	 4460
200 	 17 	 3660
200 	 19 	 3480
200 	 18 	 4340
200 	 20 	 3080
200 	 22 	 2800
200 	 21 	 3580
200 	 16 	 6360
200 	 23 	 3760
200 	 25 	 3580
200 	 24 	 3620
200 	 27 	 3300
200 	 26 	 3680
200 	 29 	 3440
200 	 28 	 3720
200 	 32 	 2800
200 	 31 	 3340
200 	 30 	 3880
200 	 33 	 3760
200 	 35 	 2860
200 	 37 	 3060
200 	 34 	 4200
200 	 36 	 4160
200 	 38 	 3700
200 	 39 	 3820
200 	 40 	 3880
200 	 41 	 4260
200 	 43 	 3160
200 	 44 	 4000
200 	 45 	 3100
200 	 46 	 3220
200 	 42 	 4720
200 	 49 	 3340
200 	 50 	 3300
200 	 48 	 3840
200 	 47 	 5200
200 	 51 	 3680
200 	 52 	 3920
200 	 53 	 4040
200 	 54 	 2960
200 	 55 	 2600
200 	 57 	 3280
200 	 56 	 4020
200 	 59 	 3340
200 	 58 	 4100
200 	 60 	 3480
200 	 61 	 3880
200 	 62 	 4000
200 	 63 	 4280
200 	 64 	 3380
200 	 66 	 3120
200 	 65 	 3500
200 	 69 	 3440
200 	 67 	 3980
200 	 68 	 3920
200 	 70 	 4360
200 	 72 	 3460
200 	 74 	 3260
200 	 71 	 4120
200 	 73 	 4560
200 	 77 	 3520
200 	 76 	 3960
200 	 78 	 3720
200 	 75 	 4320
200 	 80 	 3400
200 	 82 	 3660
200 	 81 	 3860
200 	 79 	 4420
200 	 84 	 2660
200 	 83 	 3240
200 	 85 	 4160
200 	 86 	 4360
200 	 88 	 3160
200 	 87 	 4400
200 	 89 	 3960
200 	 90 	 3760
200 	 91 	 3760
200 	 93 	 2940
200 	 92 	 3600
200 	 95 	 3840
200 	 96 	 3860
200 	 98 	 3980
200 	 94 	 6060
200 	 97 	 5040
200 	 99 	 3640
200 	 100 	 3000
300 	 2 	 5875
300 	 1 	 6050
300 	 4 	 5700
300 	 3 	 6650
300 	 7 	 5825
300 	 6 	 6300
300 	 8 	 6275
300 	 9 	 5900
300 	 10 	 6550
300 	 5 	 9800
300 	 11 	 7250
300 	 12 	 7200
300 	 13 	 6950
300 	 14 	 6700
300 	 16 	 6375
300 	 15 	 8100
300 	 17 	 6900
300 	 18 	 7525
300 	 21 	 6200
300 	 20 	 6650
300 	 19 	 8150
300 	 22 	 5925
300 	 25 	 5250
300 	 23 	 6850
300 	 26 	 6350
300 	 24 	 7325
300 	 27 	 6175
300 	 28 	 5950
300 	 29 	 6050
300 	 30 	 7275
300 	 31 	 7450
300 	 33 	 6350
300 	 32 	 7700
300 	 34 	 7350
300 	 36 	 6250
300 	 37 	 6275
300 	 35 	 7850
300 	 38 	 6675
300 	 40 	 5800
300 	 39 	 7375
300 	 41 	 6800
300 	 42 	 6050
300 	 44 	 5100
300 	 43 	 5650
300 	 45 	 5550
300 	 48 	 5200
300 	 47 	 6625
300 	 50 	 6275
300 	 46 	 8950
300 	 51 	 6250
300 	 49 	 7900
300 	 54 	 5525
300 	 53 	 6450
300 	 52 	 8025
300 	 56 	 5925
300 	 55 	 7500
300 	 57 	 6225
300 	 58 	 5850
300 	 60 	 5550
300 	 59 	 7450
300 	 62 	 6575
300 	 61 	 8025
300 	 63 	 7200
300 	 65 	 5675
300 	 64 	 6825
300 	 67 	 5625
300 	 66 	 6525
300 	 68 	 6725
300 	 69 	 6550
300 	 70 	 5325
300 	 73 	 5300
300 	 74 	 6300
300 	 72 	 7650
300 	 75 	 6075
300 	 76 	 5700
300 	 77 	 5000
300 	 71 	 10250
300 	 79 	 5950
300 	 78 	 6400
300 	 80 	 5575
300 	 81 	 7525
300 	 84 	 5625
300 	 83 	 6200
300 	 82 	 8400
300 	 85 	 6100
300 	 86 	 6375
300 	 87 	 6075
300 	 89 	 5125
300 	 90 	 4900
300 	 92 	 5775
300 	 88 	 8850
300 	 93 	 7725
300 	 94 	 5950
300 	 91 	 9825
300 	 95 	 6450
300 	 96 	 6250
300 	 98 	 6725
300 	 100 	 6175
300 	 97 	 8225
300 	 99 	 8650
400 	 1 	 10110
400 	 4 	 9990
400 	 3 	 11790
400 	 5 	 12390
400 	 7 	 11490
400 	 2 	 16140
400 	 6 	 13710
400 	 8 	 10470
400 	 9 	 9960
400 	 10 	 8790
400 	 14 	 9600
400 	 12 	 10380
400 	 13 	 9990
400 	 11 	 11820
400 	 15 	 9540
400 	 17 	 9450
400 	 16 	 11310
400 	 19 	 8370
400 	 18 	 11880
400 	 21 	 8730
400 	 20 	 11790
400 	 23 	 10590
400 	 22 	 10650
400 	 24 	 9660
400 	 25 	 9630
400 	 27 	 11010
400 	 29 	 8970
400 	 28 	 10920
400 	 26 	 11910
400 	 33 	 8460
400 	 30 	 10050
400 	 34 	 10080
400 	 32 	 13890
400 	 31 	 14520
400 	 35 	 12030
400 	 36 	 9510
400 	 37 	 9510
400 	 38 	 9570
400 	 40 	 9210
400 	 39 	 11400
400 	 41 	 9510
400 	 42 	 10380
400 	 43 	 10050
400 	 44 	 9300
400 	 45 	 9840
400 	 46 	 8430
400 	 47 	 10620
400 	 49 	 9180
400 	 50 	 9330
400 	 48 	 11370
400 	 52 	 9960
400 	 51 	 10410
400 	 53 	 10170
400 	 54 	 10410
400 	 56 	 8940
400 	 57 	 9420
400 	 55 	 10080
400 	 58 	 10500
400 	 61 	 8220
400 	 59 	 10350
400 	 60 	 9660
400 	 65 	 7380
400 	 63 	 9420
400 	 62 	 10290
400 	 64 	 8970
400 	 66 	 8670
400 	 68 	 8670
400 	 67 	 9180
400 	 70 	 9060
400 	 71 	 9150
400 	 69 	 11970
400 	 72 	 10740
400 	 73 	 8970
400 	 74 	 10830
400 	 76 	 9690
400 	 75 	 11640
400 	 77 	 8820
400 	 81 	 9180
400 	 78 	 10320
400 	 79 	 10020
400 	 80 	 12870
400 	 82 	 10080
400 	 84 	 10260
400 	 83 	 10500
400 	 86 	 8910
400 	 87 	 9390
400 	 88 	 9180
400 	 85 	 10080
400 	 90 	 9840
400 	 91 	 9930
400 	 92 	 10020
400 	 89 	 12960
400 	 95 	 8700
400 	 93 	 10710
400 	 94 	 11280
400 	 97 	 8910
400 	 96 	 10110
400 	 98 	 9240
400 	 99 	 9600
400 	 100 	 10140
500 	 1 	 11700
500 	 2 	 11520
500 	 3 	 12570
500 	 5 	 11940
500 	 4 	 14220
500 	 6 	 12000
500 	 7 	 12060
500 	 9 	 12330
500 	 10 	 11640
500 	 11 	 12300
500 	 8 	 15630
500 	 12 	 12300
500 	 13 	 14580
500 	 16 	 11700
500 	 15 	 13560
500 	 14 	 16800
500 	 19 	 13590
500 	 18 	 13740
500 	 20 	 12030
500 	 17 	 17880
500 	 21 	 10860
500 	 22 	 11910
500 	 25 	 11520
500 	 23 	 16290
500 	 24 	 14220
500 	 26 	 13020
500 	 27 	 10410
500 	 29 	 10680
500 	 30 	 11130
500 	 28 	 13410
500 	 31 	 12900
500 	 33 	 12300
500 	 32 	 14010
500 	 34 	 13350
500 	 36 	 10230
500 	 35 	 14070
500 	 37 	 13110
500 	 38 	 11820
500 	 40 	 12630
500 	 39 	 14490
500 	 41 	 13890
500 	 42 	 13830
500 	 44 	 12150
500 	 43 	 12960
500 	 45 	 13500
500 	 48 	 11700
500 	 46 	 13410
500 	 47 	 12870
500 	 51 	 11250
500 	 49 	 12030
500 	 50 	 12360
500 	 52 	 12600
500 	 54 	 11250
500 	 53 	 11910
500 	 55 	 11640
500 	 57 	 12630
500 	 58 	 12870
500 	 59 	 13230
500 	 56 	 15960
500 	 63 	 10440
500 	 60 	 12630
500 	 61 	 12090
500 	 62 	 14220
500 	 64 	 12180
500 	 65 	 12240
500 	 66 	 12660
500 	 67 	 11280
500 	 68 	 11400
500 	 70 	 13890
500 	 71 	 12450
500 	 69 	 15300
500 	 72 	 12210
500 	 73 	 11190
500 	 74 	 13950
500 	 76 	 12240
500 	 75 	 13230
500 	 77 	 12210
500 	 78 	 10950
500 	 80 	 11430
500 	 79 	 12660
500 	 82 	 12150
500 	 84 	 11580
500 	 83 	 13170
500 	 85 	 10500
500 	 86 	 12150
500 	 87 	 11220
500 	 88 	 11970
500 	 81 	 20280
500 	 90 	 12270
500 	 89 	 13590
500 	 91 	 12660
500 	 92 	 12930
500 	 93 	 14400
500 	 95 	 13200
500 	 96 	 13020
500 	 94 	 15960
500 	 99 	 10350
500 	 97 	 14910
500 	 100 	 11850
500 	 98 	 14790
600 	 3 	 12960
600 	 1 	 15840
600 	 4 	 13410
600 	 2 	 15630
600 	 5 	 15330
600 	 6 	 15900
600 	 8 	 15930
600 	 7 	 16440
600 	 9 	 14460
600 	 12 	 14370
600 	 10 	 16080
600 	 11 	 15720
600 	 13 	 14070
600 	 16 	 14340
600 	 15 	 15720
600 	 14 	 17190
600 	 18 	 13440
600 	 20 	 13890
600 	 19 	 17010
600 	 17 	 21630
600 	 21 	 14040
600 	 22 	 13080
600 	 23 	 15300
600 	 24 	 15510
600 	 25 	 15690
600 	 26 	 14820
600 	 29 	 11940
600 	 27 	 15300
600 	 28 	 17160
600 	 30 	 16080
600 	 31 	 15780
600 	 32 	 14490
600 	 34 	 15690
600 	 33 	 16260
600 	 35 	 13470
600 	 36 	 15360
600 	 37 	 14550
600 	 39 	 13980
600 	 38 	 16110
600 	 41 	 14970
600 	 40 	 18180
600 	 42 	 17640
600 	 43 	 17280
600 	 45 	 14700
600 	 44 	 17670
600 	 46 	 16320
600 	 47 	 17670
600 	 49 	 14520
600 	 48 	 18780
600 	 50 	 15390
600 	 51 	 15180
600 	 52 	 14670
600 	 53 	 15180
600 	 56 	 13830
600 	 55 	 16710
600 	 54 	 19530
600 	 57 	 15630
600 	 58 	 15840
600 	 59 	 17250
600 	 60 	 16800
600 	 61 	 15780
600 	 62 	 16920
600 	 64 	 12060
600 	 65 	 16710
600 	 66 	 13830
600 	 67 	 15660
600 	 63 	 20640
600 	 68 	 15930
600 	 69 	 16320
600 	 70 	 14430
600 	 71 	 13950
600 	 72 	 14670
600 	 74 	 15750
600 	 73 	 16710
600 	 75 	 17430
600 	 78 	 14490
600 	 79 	 13770
600 	 77 	 16650
600 	 76 	 19140
600 	 81 	 15960
600 	 83 	 16650
600 	 82 	 17220
600 	 80 	 19590
600 	 86 	 14340
600 	 84 	 16830
600 	 87 	 13500
600 	 85 	 16050
600 	 89 	 14100
600 	 90 	 13890
600 	 88 	 17610
600 	 91 	 16470
600 	 92 	 12060
600 	 93 	 13890
600 	 96 	 14010
600 	 94 	 15720
600 	 95 	 17190
600 	 97 	 16650
600 	 98 	 15660
600 	 99 	 17550
600 	 100 	 17220
700 	 1 	 19740
700 	 2 	 19880
700 	 3 	 21560
700 	 5 	 18830
700 	 4 	 22085
700 	 6 	 18200
700 	 7 	 19425
700 	 9 	 17885
700 	 8 	 20230
700 	 12 	 18865
700 	 10 	 24570
700 	 13 	 18585
700 	 11 	 21490
700 	 16 	 17290
700 	 15 	 18725
700 	 14 	 21350
700 	 17 	 19705
700 	 18 	 18445
700 	 21 	 15575
700 	 20 	 17290
700 	 19 	 19950
700 	 22 	 20020
700 	 23 	 17885
700 	 24 	 18900
700 	 25 	 19530
700 	 26 	 18305
700 	 27 	 19285
700 	 28 	 18340
700 	 29 	 20020
700 	 33 	 15925
700 	 32 	 20300
700 	 31 	 20335
700 	 30 	 22890
700 	 34 	 19355
700 	 36 	 19635
700 	 37 	 18235
700 	 35 	 20440
700 	 38 	 18060
700 	 41 	 18375
700 	 39 	 19775
700 	 42 	 18480
700 	 40 	 23870
700 	 44 	 19530
700 	 43 	 22680
700 	 45 	 19110
700 	 46 	 21770
700 	 47 	 19985
700 	 48 	 20020
700 	 49 	 23205
700 	 51 	 18830
700 	 50 	 21665
700 	 52 	 21105
700 	 53 	 20615
700 	 54 	 20405
700 	 55 	 19600
700 	 56 	 19670
700 	 58 	 18130
700 	 57 	 21420
700 	 60 	 20160
700 	 59 	 27965
700 	 62 	 20755
700 	 61 	 23800
700 	 63 	 19705
700 	 65 	 17955
700 	 66 	 18725
700 	 67 	 19285
700 	 64 	 23485
700 	 69 	 17955
700 	 70 	 20475
700 	 68 	 23835
700 	 71 	 20825
700 	 72 	 17255
700 	 73 	 19005
700 	 74 	 17745
700 	 75 	 17395
700 	 76 	 19005
700 	 77 	 19040
700 	 78 	 19775
700 	 79 	 19390
700 	 80 	 19845
700 	 83 	 16870
700 	 82 	 20125
700 	 81 	 22960
700 	 86 	 16835
700 	 85 	 21875
700 	 84 	 24920
700 	 87 	 21175
700 	 88 	 20300
700 	 89 	 19285
700 	 91 	 18550
700 	 90 	 24045
700 	 93 	 17920
700 	 94 	 16660
700 	 92 	 23905
700 	 95 	 18515
700 	 96 	 18025
700 	 98 	 19635
700 	 99 	 18270
700 	 97 	 24780
700 	 100 	 25025
800 	 1 	 23415
800 	 2 	 23730
800 	 3 	 25270
800 	 4 	 21980
800 	 5 	 22575
800 	 7 	 22400
800 	 8 	 24675
800 	 6 	 28945
800 	 9 	 24955
800 	 10 	 20195
800 	 13 	 20720
800 	 12 	 26145
800 	 14 	 22750
800 	 11 	 30415
800 	 15 	 21105
800 	 17 	 28420
800 	 16 	 29120
800 	 19 	 22610
800 	 18 	 24185
800 	 20 	 26845
800 	 23 	 25970
800 	 22 	 26390
800 	 21 	 29960
800 	 26 	 21700
800 	 24 	 23030
800 	 27 	 20720
800 	 25 	 26285
800 	 28 	 25095
800 	 31 	 21875
800 	 30 	 24290
800 	 29 	 31045
800 	 33 	 24010
800 	 34 	 24080
800 	 32 	 27440
800 	 35 	 19460
800 	 36 	 19705
800 	 37 	 20615
800 	 38 	 19635
800 	 39 	 23275
800 	 40 	 21035
800 	 42 	 21350
800 	 41 	 25865
800 	 43 	 24255
800 	 45 	 21105
800 	 44 	 23345
800 	 46 	 23170
800 	 49 	 20790
800 	 48 	 21700
800 	 47 	 24255
800 	 50 	 20370
800 	 51 	 21595
800 	 52 	 21700
800 	 53 	 21245
800 	 56 	 22400
800 	 57 	 21945
800 	 54 	 27020
800 	 55 	 29785
800 	 59 	 20510
800 	 58 	 21700
800 	 60 	 25830
800 	 61 	 22785
800 	 63 	 22365
800 	 62 	 24640
800 	 64 	 19355
800 	 65 	 19950
800 	 66 	 21490
800 	 68 	 21910
800 	 69 	 22820
800 	 67 	 27895
800 	 70 	 22015
800 	 71 	 21700
800 	 72 	 22260
800 	 74 	 22435
800 	 75 	 21980
800 	 73 	 26180
800 	 76 	 23100
800 	 77 	 23275
800 	 79 	 20160
800 	 80 	 22470
800 	 78 	 29015
800 	 82 	 23170
800 	 83 	 20580
800 	 81 	 28875
800 	 85 	 20755
800 	 84 	 23345
800 	 86 	 21910
800 	 87 	 18760
800 	 88 	 23135
800 	 89 	 22540
800 	 90 	 21630
800 	 91 	 22610
800 	 92 	 21210
800 	 93 	 23065
800 	 96 	 22995
800 	 95 	 26110
800 	 94 	 28455
800 	 97 	 24570
800 	 99 	 24360
800 	 98 	 24465
900 	 1 	 23170
800 	 100 	 28105
900 	 2 	 26285
900 	 3 	 25795
900 	 4 	 24780
900 	 5 	 31220
900 	 8 	 26845
900 	 7 	 27580
900 	 6 	 28175
900 	 11 	 24675
900 	 9 	 29750
900 	 10 	 29890
900 	 12 	 29750
900 	 13 	 26845
900 	 14 	 24010
900 	 16 	 25725
900 	 15 	 29785
900 	 18 	 22820
900 	 17 	 24360
900 	 19 	 28735
900 	 21 	 25340
900 	 22 	 25270
900 	 20 	 28910
900 	 24 	 23100
900 	 23 	 27440
900 	 26 	 24780
900 	 25 	 32060
900 	 27 	 26530
900 	 28 	 24430
900 	 29 	 25445
900 	 30 	 25550
900 	 32 	 26320
900 	 33 	 24115
900 	 31 	 28770
900 	 34 	 24325
900 	 35 	 26705
900 	 37 	 25270
900 	 36 	 26285
900 	 39 	 24745
900 	 38 	 29575
900 	 41 	 28980
900 	 40 	 28700
900 	 43 	 23555
900 	 42 	 26775
900 	 45 	 28035
900 	 46 	 23100
900 	 47 	 20615
900 	 44 	 29680
900 	 48 	 26180
900 	 50 	 26460
900 	 49 	 27440
900 	 51 	 25690
900 	 53 	 22155
900 	 52 	 26390
900 	 54 	 26215
900 	 55 	 28735
900 	 56 	 24780
900 	 57 	 26600
900 	 58 	 28595
900 	 59 	 28385
900 	 60 	 26565
900 	 61 	 23240
900 	 62 	 22435
900 	 63 	 25760
900 	 64 	 26880
900 	 65 	 27335
900 	 66 	 25270
900 	 68 	 23835
900 	 70 	 24500
900 	 69 	 26495
900 	 67 	 36610
900 	 71 	 28840
900 	 72 	 27265
900 	 73 	 26950
900 	 76 	 23380
900 	 77 	 22855
900 	 75 	 26040
900 	 74 	 28070
900 	 79 	 24955
900 	 80 	 24745
900 	 81 	 29120
900 	 78 	 34895
900 	 83 	 26005
900 	 82 	 28175
900 	 85 	 23275
900 	 87 	 24465
900 	 84 	 30310
900 	 86 	 26075
900 	 88 	 25445
900 	 89 	 21665
900 	 90 	 25095
900 	 91 	 27860
900 	 93 	 21945
900 	 92 	 26495
900 	 94 	 24710
900 	 95 	 25340
900 	 96 	 28735
900 	 97 	 27895
900 	 98 	 27545
900 	 100 	 24535
900 	 99 	 32060
1000 	 1 	 30380
1000 	 3 	 27090
1000 	 2 	 33915
1000 	 5 	 24360
1000 	 4 	 31395
1000 	 6 	 29680
1000 	 7 	 28280
1000 	 9 	 28420
1000 	 8 	 30590
1000 	 11 	 26915
1000 	 10 	 29540
1000 	 13 	 26740
1000 	 12 	 29960
1000 	 15 	 27335
1000 	 14 	 29575
1000 	 16 	 26880
1000 	 17 	 34020
1000 	 18 	 29715
1000 	 20 	 28700
1000 	 19 	 33950
1000 	 21 	 29890
1000 	 22 	 31570
1000 	 24 	 28070
1000 	 23 	 30450
1000 	 25 	 27405
1000 	 26 	 26425
1000 	 28 	 31115
1000 	 27 	 33040
1000 	 29 	 26110
1000 	 30 	 32165
1000 	 32 	 26740
1000 	 33 	 27055
1000 	 31 	 33250
1000 	 34 	 29505
1000 	 36 	 29400
1000 	 37 	 25515
1000 	 35 	 32865
1000 	 38 	 28700
1000 	 39 	 30065
1000 	 41 	 29190
1000 	 40 	 31185
1000 	 43 	 30625
1000 	 45 	 28525
1000 	 44 	 33110
1000 	 42 	 38115
1000 	 47 	 28735
1000 	 46 	 30100
1000 	 49 	 28805
1000 	 48 	 29925
1000 	 51 	 27860
1000 	 50 	 28980
1000 	 52 	 28805
1000 	 53 	 28840
1000 	 55 	 27090
1000 	 57 	 24745
1000 	 54 	 30275
1000 	 58 	 26670
1000 	 56 	 33635
1000 	 59 	 29155
1000 	 60 	 29750
1000 	 62 	 26390
1000 	 61 	 26915
1000 	 64 	 26040
1000 	 63 	 28770
1000 	 65 	 30030
1000 	 67 	 31640
1000 	 68 	 28945
1000 	 66 	 41510
1000 	 69 	 34965
1000 	 70 	 31850
1000 	 71 	 32725
1000 	 72 	 30520
1000 	 74 	 26355
1000 	 73 	 30975
1000 	 75 	 31220
1000 	 76 	 27720
1000 	 78 	 27020
1000 	 77 	 35455
1000 	 80 	 27825
1000 	 79 	 31290
1000 	 81 	 34160
1000 	 82 	 30275
1000 	 83 	 29995
1000 	 84 	 35560
1000 	 85 	 27195
1000 	 87 	 28420
1000 	 86 	 30940
1000 	 88 	 28770
1000 	 89 	 29750
1000 	 90 	 24395
1000 	 91 	 23800
1000 	 95 	 26145
1000 	 92 	 31675
1000 	 94 	 31955
1000 	 93 	 32165
1000 	 96 	 25655
1000 	 99 	 27720
1000 	 97 	 29715
1000 	 98 	 29890
1000 	 100 	 28630
