1 	 3 	 0 	 0 	 997 
2 	 5 	 0 	 0 	 995 
3 	 8 	 0 	 1 	 991 
4 	 11 	 0 	 2 	 987 
5 	 14 	 0 	 5 	 981 
6 	 16 	 2 	 7 	 975 
7 	 18 	 6 	 8 	 968 
8 	 19 	 11 	 12 	 958 
9 	 22 	 16 	 18 	 944 
10 	 22 	 20 	 23 	 935 
11 	 26 	 26 	 30 	 918 
12 	 28 	 38 	 36 	 898 
13 	 29 	 42 	 47 	 882 
14 	 29 	 42 	 47 	 882 
15 	 29 	 42 	 47 	 882 
16 	 29 	 42 	 48 	 881 
17 	 29 	 44 	 51 	 876 
18 	 32 	 49 	 62 	 857 
19 	 34 	 54 	 71 	 841 
20 	 35 	 62 	 78 	 825 
21 	 35 	 70 	 81 	 814 
22 	 36 	 89 	 96 	 779 
23 	 36 	 92 	 101 	 771 
24 	 38 	 107 	 110 	 745 
25 	 38 	 107 	 110 	 745 
26 	 38 	 107 	 110 	 745 
27 	 38 	 107 	 110 	 745 
28 	 38 	 107 	 110 	 745 
29 	 38 	 107 	 110 	 745 
30 	 38 	 107 	 110 	 745 
31 	 38 	 107 	 110 	 745 
32 	 38 	 107 	 110 	 745 
33 	 38 	 107 	 110 	 745 
34 	 38 	 107 	 110 	 745 
35 	 38 	 107 	 110 	 745 
36 	 38 	 107 	 110 	 745 
37 	 38 	 107 	 110 	 745 
38 	 38 	 107 	 110 	 745 
39 	 38 	 107 	 110 	 745 
40 	 38 	 107 	 110 	 745 
41 	 38 	 107 	 110 	 745 
42 	 38 	 107 	 110 	 745 
43 	 38 	 107 	 110 	 745 
44 	 38 	 107 	 110 	 745 
45 	 38 	 107 	 110 	 745 
46 	 38 	 107 	 110 	 745 
47 	 38 	 107 	 110 	 745 
48 	 38 	 107 	 110 	 745 
49 	 38 	 107 	 110 	 745 
50 	 38 	 107 	 110 	 745 
51 	 38 	 107 	 110 	 745 
52 	 38 	 108 	 113 	 741 
53 	 38 	 108 	 119 	 735 
54 	 40 	 118 	 132 	 710 
55 	 40 	 119 	 135 	 706 
56 	 40 	 126 	 143 	 691 
57 	 44 	 135 	 147 	 674 
58 	 47 	 139 	 158 	 656 
59 	 47 	 145 	 169 	 639 
60 	 48 	 154 	 174 	 624 
61 	 48 	 154 	 175 	 623 
62 	 48 	 157 	 174 	 621 
63 	 52 	 169 	 180 	 599 
64 	 52 	 169 	 180 	 599 
65 	 52 	 169 	 180 	 599 
66 	 52 	 169 	 180 	 599 
67 	 52 	 169 	 180 	 599 
68 	 52 	 170 	 182 	 596 
69 	 52 	 175 	 188 	 585 
70 	 53 	 192 	 198 	 557 
71 	 54 	 194 	 203 	 549 
72 	 54 	 195 	 203 	 548 
73 	 54 	 196 	 205 	 545 
74 	 55 	 200 	 212 	 533 
75 	 56 	 217 	 215 	 512 
76 	 57 	 223 	 221 	 499 
77 	 57 	 227 	 225 	 491 
78 	 60 	 227 	 226 	 487 
79 	 60 	 227 	 226 	 487 
80 	 60 	 227 	 226 	 487 
81 	 60 	 227 	 226 	 487 
82 	 60 	 228 	 226 	 486 
83 	 60 	 229 	 228 	 483 
84 	 61 	 234 	 240 	 465 
85 	 64 	 243 	 243 	 450 
86 	 67 	 243 	 250 	 440 
87 	 67 	 243 	 250 	 440 
88 	 67 	 243 	 250 	 440 
89 	 67 	 243 	 250 	 440 
90 	 67 	 243 	 250 	 440 
91 	 67 	 243 	 250 	 440 
92 	 67 	 243 	 250 	 440 
93 	 67 	 245 	 251 	 437 
94 	 67 	 249 	 256 	 428 
95 	 70 	 247 	 256 	 427 
96 	 70 	 248 	 256 	 426 
97 	 70 	 250 	 260 	 420 
98 	 71 	 256 	 266 	 407 
99 	 73 	 265 	 273 	 389 
100 	 73 	 265 	 273 	 389 
101 	 73 	 265 	 273 	 389 
102 	 73 	 265 	 273 	 389 
103 	 73 	 265 	 273 	 389 
104 	 73 	 265 	 273 	 389 
105 	 73 	 265 	 273 	 389 
106 	 73 	 265 	 273 	 389 
107 	 73 	 265 	 273 	 389 
108 	 73 	 265 	 273 	 389 
109 	 73 	 265 	 273 	 389 
110 	 73 	 265 	 273 	 389 
111 	 73 	 265 	 273 	 389 
112 	 73 	 265 	 273 	 389 
113 	 73 	 265 	 273 	 389 
114 	 73 	 264 	 272 	 391 
115 	 73 	 265 	 271 	 391 
116 	 74 	 265 	 274 	 387 
117 	 80 	 272 	 275 	 373 
118 	 80 	 271 	 275 	 374 
119 	 80 	 274 	 277 	 369 
120 	 80 	 284 	 284 	 352 
121 	 83 	 288 	 283 	 346 
122 	 83 	 288 	 283 	 346 
123 	 83 	 288 	 283 	 346 
124 	 83 	 290 	 283 	 344 
125 	 83 	 295 	 287 	 335 
126 	 84 	 296 	 288 	 332 
127 	 84 	 296 	 288 	 332 
128 	 84 	 296 	 288 	 332 
129 	 84 	 296 	 288 	 332 
130 	 84 	 296 	 288 	 332 
131 	 84 	 296 	 288 	 332 
132 	 84 	 296 	 288 	 332 
133 	 84 	 296 	 288 	 332 
134 	 84 	 296 	 289 	 331 
135 	 84 	 295 	 291 	 330 
136 	 84 	 301 	 300 	 315 
137 	 86 	 303 	 302 	 309 
138 	 86 	 303 	 302 	 309 
139 	 86 	 303 	 302 	 309 
140 	 86 	 303 	 302 	 309 
141 	 86 	 303 	 302 	 309 
142 	 86 	 303 	 302 	 309 
143 	 86 	 303 	 302 	 309 
144 	 86 	 303 	 302 	 309 
145 	 86 	 303 	 302 	 309 
146 	 86 	 303 	 302 	 309 
147 	 86 	 303 	 302 	 309 
148 	 86 	 303 	 302 	 309 
149 	 86 	 303 	 302 	 309 
150 	 86 	 303 	 302 	 309 
151 	 86 	 303 	 302 	 309 
152 	 86 	 303 	 302 	 309 
153 	 86 	 301 	 302 	 311 
154 	 86 	 300 	 304 	 310 
155 	 88 	 295 	 306 	 311 
156 	 88 	 295 	 306 	 311 
157 	 88 	 295 	 306 	 311 
158 	 88 	 295 	 306 	 311 
159 	 88 	 295 	 306 	 311 
160 	 88 	 295 	 306 	 311 
161 	 88 	 295 	 306 	 311 
162 	 88 	 295 	 306 	 311 
163 	 88 	 295 	 306 	 311 
164 	 88 	 295 	 306 	 311 
165 	 88 	 295 	 306 	 311 
166 	 88 	 295 	 306 	 311 
167 	 88 	 295 	 306 	 311 
168 	 88 	 295 	 306 	 311 
169 	 88 	 298 	 306 	 308 
170 	 88 	 301 	 312 	 299 
171 	 91 	 301 	 313 	 295 
172 	 91 	 301 	 313 	 295 
173 	 91 	 301 	 313 	 295 
174 	 91 	 305 	 314 	 290 
175 	 92 	 313 	 312 	 283 
176 	 92 	 313 	 312 	 283 
177 	 92 	 313 	 312 	 283 
178 	 92 	 313 	 312 	 283 
179 	 92 	 313 	 312 	 283 
180 	 92 	 313 	 312 	 283 
181 	 92 	 313 	 312 	 283 
182 	 92 	 313 	 312 	 283 
183 	 92 	 313 	 312 	 283 
184 	 92 	 313 	 312 	 283 
185 	 92 	 313 	 312 	 283 
186 	 92 	 313 	 312 	 283 
187 	 92 	 313 	 312 	 283 
188 	 92 	 313 	 312 	 283 
189 	 92 	 313 	 312 	 283 
190 	 92 	 313 	 312 	 283 
191 	 92 	 313 	 312 	 283 
192 	 92 	 313 	 312 	 283 
193 	 92 	 313 	 312 	 283 
194 	 92 	 313 	 312 	 283 
195 	 92 	 313 	 312 	 283 
196 	 92 	 313 	 312 	 283 
197 	 92 	 313 	 312 	 283 
198 	 92 	 313 	 312 	 283 
199 	 92 	 313 	 312 	 283 
200 	 92 	 313 	 312 	 283 
201 	 92 	 313 	 313 	 282 
202 	 92 	 315 	 316 	 277 
203 	 92 	 319 	 318 	 271 
204 	 94 	 322 	 315 	 269 
205 	 94 	 322 	 315 	 269 
206 	 94 	 324 	 314 	 268 
207 	 94 	 323 	 315 	 268 
208 	 95 	 323 	 320 	 262 
209 	 95 	 318 	 322 	 265 
210 	 101 	 313 	 330 	 256 
211 	 101 	 313 	 330 	 256 
212 	 101 	 313 	 330 	 256 
213 	 101 	 313 	 330 	 256 
214 	 101 	 313 	 330 	 256 
215 	 101 	 313 	 330 	 256 
216 	 101 	 313 	 330 	 256 
217 	 101 	 314 	 330 	 255 
218 	 101 	 319 	 329 	 251 
219 	 102 	 318 	 329 	 251 
220 	 102 	 319 	 331 	 248 
221 	 102 	 320 	 330 	 248 
222 	 104 	 318 	 330 	 248 
223 	 104 	 318 	 330 	 248 
224 	 104 	 318 	 330 	 248 
225 	 104 	 318 	 330 	 248 
226 	 104 	 318 	 330 	 248 
227 	 104 	 318 	 330 	 248 
228 	 104 	 318 	 330 	 248 
229 	 104 	 318 	 330 	 248 
230 	 104 	 318 	 330 	 248 
231 	 104 	 318 	 330 	 248 
232 	 104 	 318 	 330 	 248 
233 	 104 	 318 	 330 	 248 
234 	 104 	 318 	 330 	 248 
235 	 104 	 318 	 330 	 248 
236 	 104 	 318 	 330 	 248 
237 	 104 	 318 	 330 	 248 
238 	 104 	 318 	 330 	 248 
239 	 104 	 318 	 330 	 248 
240 	 104 	 318 	 330 	 248 
241 	 104 	 318 	 330 	 248 
242 	 104 	 318 	 330 	 248 
243 	 104 	 318 	 330 	 248 
244 	 104 	 318 	 330 	 248 
245 	 104 	 317 	 330 	 249 
246 	 104 	 320 	 331 	 245 
247 	 104 	 321 	 336 	 239 
248 	 105 	 320 	 337 	 238 
249 	 105 	 320 	 337 	 238 
250 	 105 	 320 	 337 	 238 
251 	 105 	 320 	 337 	 238 
252 	 105 	 320 	 337 	 238 
253 	 105 	 320 	 337 	 238 
254 	 105 	 320 	 337 	 238 
255 	 105 	 321 	 337 	 237 
256 	 105 	 323 	 340 	 232 
257 	 109 	 324 	 337 	 230 
258 	 109 	 324 	 337 	 230 
259 	 109 	 324 	 337 	 230 
260 	 109 	 324 	 337 	 230 
261 	 109 	 324 	 337 	 230 
262 	 109 	 324 	 337 	 230 
263 	 109 	 324 	 337 	 230 
264 	 109 	 324 	 337 	 230 
265 	 109 	 324 	 337 	 230 
266 	 109 	 326 	 336 	 229 
267 	 109 	 326 	 339 	 226 
268 	 109 	 327 	 342 	 222 
269 	 110 	 331 	 343 	 216 
270 	 111 	 328 	 340 	 221 
271 	 115 	 327 	 340 	 218 
272 	 115 	 330 	 341 	 214 
273 	 116 	 335 	 344 	 205 
274 	 116 	 335 	 344 	 205 
275 	 116 	 335 	 344 	 205 
276 	 116 	 335 	 344 	 205 
277 	 116 	 335 	 344 	 205 
278 	 116 	 335 	 344 	 205 
279 	 116 	 335 	 344 	 205 
280 	 116 	 335 	 344 	 205 
281 	 116 	 335 	 343 	 206 
282 	 116 	 334 	 344 	 206 
283 	 116 	 334 	 344 	 206 
284 	 121 	 334 	 345 	 200 
285 	 121 	 334 	 345 	 200 
286 	 121 	 334 	 345 	 200 
287 	 121 	 334 	 345 	 200 
288 	 121 	 334 	 345 	 200 
289 	 121 	 334 	 345 	 200 
290 	 121 	 334 	 345 	 200 
291 	 121 	 333 	 345 	 201 
292 	 121 	 335 	 346 	 198 
293 	 121 	 335 	 349 	 195 
294 	 124 	 330 	 348 	 198 
295 	 124 	 333 	 347 	 196 
296 	 126 	 334 	 346 	 194 
297 	 131 	 333 	 340 	 196 
298 	 131 	 333 	 340 	 196 
299 	 131 	 334 	 340 	 195 
300 	 131 	 335 	 341 	 193 
301 	 134 	 335 	 343 	 188 
302 	 134 	 336 	 342 	 188 
303 	 134 	 341 	 343 	 182 
304 	 136 	 345 	 343 	 176 
305 	 136 	 345 	 343 	 176 
306 	 136 	 345 	 343 	 176 
307 	 136 	 345 	 343 	 176 
308 	 136 	 345 	 343 	 176 
309 	 136 	 345 	 343 	 176 
310 	 136 	 345 	 343 	 176 
311 	 136 	 345 	 345 	 174 
312 	 136 	 346 	 345 	 173 
313 	 136 	 350 	 344 	 170 
314 	 137 	 350 	 343 	 170 
315 	 137 	 350 	 343 	 170 
316 	 137 	 350 	 343 	 170 
317 	 137 	 350 	 343 	 170 
318 	 137 	 350 	 343 	 170 
319 	 137 	 350 	 343 	 170 
320 	 137 	 350 	 343 	 170 
321 	 137 	 350 	 343 	 170 
322 	 137 	 350 	 343 	 170 
323 	 137 	 350 	 343 	 170 
324 	 137 	 350 	 343 	 170 
325 	 137 	 350 	 343 	 170 
326 	 137 	 350 	 343 	 170 
327 	 137 	 350 	 343 	 170 
328 	 137 	 350 	 343 	 170 
329 	 137 	 350 	 343 	 170 
330 	 137 	 350 	 343 	 170 
331 	 137 	 350 	 343 	 170 
332 	 137 	 350 	 343 	 170 
333 	 137 	 350 	 343 	 170 
334 	 137 	 350 	 343 	 170 
335 	 137 	 350 	 343 	 170 
336 	 137 	 350 	 343 	 170 
337 	 137 	 350 	 343 	 170 
338 	 137 	 350 	 343 	 170 
339 	 137 	 350 	 343 	 170 
340 	 137 	 350 	 343 	 170 
341 	 137 	 350 	 343 	 170 
342 	 137 	 347 	 345 	 171 
343 	 138 	 347 	 351 	 164 
344 	 138 	 347 	 351 	 164 
345 	 138 	 347 	 351 	 164 
346 	 138 	 347 	 351 	 164 
347 	 138 	 347 	 351 	 164 
348 	 138 	 347 	 351 	 164 
349 	 138 	 347 	 351 	 164 
350 	 138 	 347 	 351 	 164 
351 	 138 	 350 	 352 	 160 
352 	 140 	 352 	 349 	 159 
353 	 140 	 353 	 349 	 158 
354 	 140 	 352 	 352 	 156 
355 	 140 	 356 	 355 	 149 
356 	 143 	 352 	 357 	 148 
357 	 143 	 352 	 357 	 148 
358 	 143 	 352 	 357 	 148 
359 	 143 	 352 	 356 	 149 
360 	 143 	 352 	 356 	 149 
361 	 143 	 350 	 353 	 154 
362 	 144 	 351 	 350 	 155 
363 	 144 	 351 	 350 	 155 
364 	 144 	 351 	 350 	 155 
365 	 144 	 351 	 349 	 156 
366 	 144 	 350 	 353 	 153 
367 	 145 	 347 	 353 	 155 
368 	 146 	 350 	 361 	 143 
369 	 150 	 348 	 363 	 139 
370 	 150 	 348 	 363 	 139 
371 	 150 	 348 	 363 	 139 
372 	 150 	 348 	 363 	 139 
373 	 150 	 348 	 363 	 139 
374 	 150 	 348 	 363 	 139 
375 	 150 	 348 	 363 	 139 
376 	 150 	 348 	 363 	 139 
377 	 150 	 348 	 362 	 140 
378 	 150 	 351 	 364 	 135 
379 	 151 	 353 	 362 	 134 
380 	 151 	 353 	 362 	 134 
381 	 151 	 353 	 362 	 134 
382 	 151 	 354 	 364 	 131 
383 	 151 	 354 	 364 	 131 
384 	 151 	 356 	 362 	 131 
385 	 152 	 353 	 359 	 136 
386 	 152 	 353 	 359 	 136 
387 	 152 	 353 	 359 	 136 
388 	 152 	 353 	 359 	 136 
389 	 152 	 353 	 359 	 136 
390 	 152 	 353 	 359 	 136 
391 	 152 	 353 	 359 	 136 
392 	 152 	 354 	 361 	 133 
393 	 152 	 354 	 362 	 132 
394 	 152 	 356 	 365 	 127 
395 	 153 	 359 	 360 	 128 
396 	 153 	 357 	 361 	 129 
397 	 154 	 355 	 352 	 139 
398 	 154 	 355 	 352 	 139 
399 	 154 	 355 	 352 	 139 
400 	 154 	 355 	 352 	 139 
401 	 154 	 355 	 352 	 139 
402 	 154 	 355 	 352 	 139 
403 	 154 	 355 	 352 	 139 
404 	 154 	 355 	 352 	 139 
405 	 154 	 355 	 352 	 139 
406 	 154 	 355 	 352 	 139 
407 	 154 	 355 	 352 	 139 
408 	 154 	 355 	 352 	 139 
409 	 154 	 355 	 352 	 139 
410 	 154 	 355 	 352 	 139 
411 	 154 	 355 	 352 	 139 
412 	 154 	 355 	 352 	 139 
413 	 154 	 355 	 352 	 139 
414 	 154 	 355 	 352 	 139 
415 	 154 	 355 	 352 	 139 
416 	 154 	 355 	 352 	 139 
417 	 154 	 355 	 352 	 139 
418 	 154 	 355 	 353 	 138 
419 	 154 	 358 	 357 	 131 
420 	 154 	 356 	 354 	 136 
421 	 158 	 357 	 351 	 134 
422 	 158 	 357 	 352 	 133 
423 	 158 	 358 	 351 	 133 
424 	 164 	 353 	 349 	 134 
425 	 164 	 353 	 349 	 134 
426 	 164 	 353 	 349 	 134 
427 	 164 	 353 	 349 	 134 
428 	 164 	 353 	 349 	 134 
429 	 164 	 353 	 349 	 134 
430 	 164 	 353 	 350 	 133 
431 	 164 	 354 	 350 	 132 
432 	 164 	 356 	 353 	 127 
433 	 169 	 349 	 350 	 132 
434 	 169 	 349 	 350 	 132 
435 	 169 	 351 	 352 	 128 
436 	 170 	 354 	 349 	 127 
437 	 170 	 354 	 349 	 127 
438 	 170 	 354 	 349 	 127 
439 	 170 	 354 	 349 	 127 
440 	 170 	 354 	 349 	 127 
441 	 170 	 354 	 349 	 127 
442 	 170 	 354 	 349 	 127 
443 	 170 	 354 	 349 	 127 
444 	 170 	 354 	 349 	 127 
445 	 170 	 354 	 349 	 127 
446 	 170 	 354 	 349 	 127 
447 	 170 	 354 	 349 	 127 
448 	 170 	 354 	 354 	 122 
449 	 170 	 354 	 352 	 124 
450 	 171 	 349 	 354 	 126 
451 	 171 	 351 	 355 	 123 
452 	 173 	 352 	 349 	 126 
453 	 173 	 352 	 349 	 126 
454 	 173 	 352 	 349 	 126 
455 	 173 	 352 	 349 	 126 
456 	 173 	 352 	 349 	 126 
457 	 173 	 352 	 349 	 126 
458 	 173 	 352 	 349 	 126 
459 	 173 	 351 	 350 	 126 
460 	 173 	 341 	 351 	 135 
461 	 175 	 339 	 350 	 136 
462 	 175 	 339 	 350 	 136 
463 	 175 	 339 	 350 	 136 
464 	 175 	 339 	 350 	 136 
465 	 175 	 339 	 350 	 136 
466 	 175 	 339 	 350 	 136 
467 	 175 	 339 	 350 	 136 
468 	 175 	 338 	 350 	 137 
469 	 175 	 340 	 350 	 135 
470 	 176 	 336 	 346 	 142 
471 	 176 	 336 	 346 	 142 
472 	 176 	 336 	 346 	 142 
473 	 176 	 336 	 346 	 142 
474 	 176 	 336 	 346 	 142 
475 	 176 	 336 	 346 	 142 
476 	 176 	 336 	 346 	 142 
477 	 176 	 336 	 346 	 142 
478 	 176 	 339 	 348 	 137 
479 	 176 	 345 	 346 	 133 
480 	 176 	 350 	 350 	 124 
481 	 178 	 348 	 349 	 125 
482 	 178 	 348 	 349 	 125 
483 	 178 	 348 	 349 	 125 
484 	 178 	 348 	 349 	 125 
485 	 178 	 348 	 349 	 125 
486 	 178 	 348 	 349 	 125 
487 	 178 	 348 	 349 	 125 
488 	 178 	 348 	 349 	 125 
489 	 178 	 348 	 349 	 125 
490 	 178 	 348 	 349 	 125 
491 	 178 	 348 	 349 	 125 
492 	 178 	 348 	 349 	 125 
493 	 178 	 348 	 349 	 125 
494 	 178 	 348 	 349 	 125 
495 	 178 	 348 	 349 	 125 
496 	 178 	 348 	 349 	 125 
497 	 178 	 348 	 349 	 125 
498 	 178 	 348 	 349 	 125 
499 	 178 	 348 	 349 	 125 
500 	 178 	 348 	 349 	 125 
501 	 178 	 348 	 349 	 125 
502 	 178 	 348 	 349 	 125 
503 	 178 	 346 	 354 	 122 
504 	 179 	 345 	 352 	 124 
505 	 179 	 345 	 352 	 124 
506 	 179 	 345 	 352 	 124 
507 	 179 	 345 	 352 	 124 
508 	 179 	 345 	 352 	 124 
509 	 179 	 345 	 352 	 124 
510 	 179 	 345 	 352 	 124 
511 	 179 	 346 	 354 	 121 
512 	 179 	 350 	 349 	 122 
513 	 180 	 347 	 351 	 122 
514 	 180 	 347 	 351 	 122 
515 	 180 	 347 	 351 	 122 
516 	 180 	 351 	 350 	 119 
517 	 181 	 351 	 348 	 120 
518 	 182 	 351 	 348 	 119 
519 	 182 	 351 	 348 	 119 
520 	 182 	 351 	 348 	 119 
521 	 182 	 351 	 348 	 119 
522 	 182 	 351 	 348 	 119 
523 	 182 	 351 	 348 	 119 
524 	 182 	 351 	 348 	 119 
525 	 182 	 351 	 348 	 119 
526 	 182 	 351 	 348 	 119 
527 	 182 	 351 	 348 	 119 
528 	 182 	 351 	 348 	 119 
529 	 182 	 351 	 348 	 119 
530 	 182 	 351 	 348 	 119 
531 	 182 	 351 	 348 	 119 
532 	 182 	 351 	 348 	 119 
533 	 182 	 351 	 348 	 119 
534 	 182 	 351 	 348 	 119 
535 	 182 	 351 	 348 	 119 
536 	 182 	 351 	 348 	 119 
537 	 182 	 351 	 348 	 119 
538 	 182 	 351 	 348 	 119 
539 	 182 	 351 	 348 	 119 
540 	 182 	 351 	 348 	 119 
541 	 182 	 351 	 348 	 119 
542 	 182 	 351 	 348 	 119 
543 	 182 	 351 	 348 	 119 
544 	 182 	 351 	 348 	 119 
545 	 182 	 350 	 350 	 118 
546 	 182 	 352 	 349 	 117 
547 	 183 	 356 	 348 	 113 
548 	 183 	 356 	 348 	 113 
549 	 183 	 356 	 348 	 113 
550 	 183 	 356 	 348 	 113 
551 	 183 	 356 	 348 	 113 
552 	 183 	 356 	 348 	 113 
553 	 183 	 356 	 348 	 113 
554 	 183 	 356 	 348 	 113 
555 	 183 	 354 	 350 	 113 
556 	 183 	 352 	 355 	 110 
557 	 186 	 353 	 349 	 112 
558 	 186 	 353 	 349 	 112 
559 	 186 	 353 	 349 	 112 
560 	 186 	 353 	 349 	 112 
561 	 186 	 353 	 349 	 112 
562 	 186 	 353 	 349 	 112 
563 	 186 	 353 	 349 	 112 
564 	 186 	 353 	 349 	 112 
565 	 186 	 353 	 349 	 112 
566 	 186 	 353 	 349 	 112 
567 	 186 	 353 	 349 	 112 
568 	 186 	 353 	 349 	 112 
569 	 186 	 353 	 349 	 112 
570 	 186 	 353 	 349 	 112 
571 	 186 	 353 	 349 	 112 
572 	 186 	 353 	 349 	 112 
573 	 186 	 353 	 349 	 112 
574 	 186 	 353 	 349 	 112 
575 	 186 	 353 	 349 	 112 
576 	 186 	 353 	 349 	 112 
577 	 186 	 353 	 349 	 112 
578 	 186 	 353 	 349 	 112 
579 	 186 	 353 	 349 	 112 
580 	 186 	 353 	 349 	 112 
581 	 186 	 353 	 349 	 112 
582 	 186 	 353 	 351 	 110 
583 	 186 	 354 	 351 	 109 
584 	 189 	 354 	 350 	 107 
585 	 189 	 354 	 350 	 107 
586 	 189 	 354 	 350 	 107 
587 	 189 	 354 	 350 	 107 
588 	 189 	 357 	 350 	 104 
589 	 189 	 359 	 351 	 101 
590 	 189 	 361 	 352 	 98 
591 	 191 	 360 	 352 	 97 
592 	 191 	 361 	 350 	 98 
593 	 191 	 357 	 347 	 105 
594 	 193 	 358 	 343 	 106 
595 	 193 	 358 	 343 	 106 
596 	 193 	 358 	 343 	 106 
597 	 193 	 358 	 343 	 106 
598 	 193 	 358 	 343 	 106 
599 	 193 	 358 	 343 	 106 
600 	 193 	 353 	 346 	 108 
601 	 194 	 349 	 336 	 121 
602 	 194 	 349 	 336 	 121 
603 	 194 	 349 	 336 	 121 
604 	 194 	 349 	 336 	 121 
605 	 194 	 349 	 336 	 121 
606 	 194 	 350 	 336 	 120 
607 	 194 	 351 	 338 	 117 
608 	 194 	 351 	 340 	 115 
609 	 195 	 352 	 340 	 113 
610 	 195 	 352 	 340 	 113 
611 	 195 	 352 	 340 	 113 
612 	 195 	 352 	 340 	 113 
613 	 195 	 352 	 340 	 113 
614 	 195 	 352 	 340 	 113 
615 	 195 	 352 	 340 	 113 
616 	 195 	 352 	 340 	 113 
617 	 195 	 352 	 340 	 113 
618 	 195 	 352 	 340 	 113 
619 	 195 	 352 	 340 	 113 
620 	 195 	 352 	 340 	 113 
621 	 195 	 352 	 340 	 113 
622 	 195 	 352 	 340 	 113 
623 	 195 	 352 	 340 	 113 
624 	 195 	 352 	 340 	 113 
625 	 195 	 352 	 340 	 113 
626 	 195 	 352 	 340 	 113 
627 	 195 	 353 	 340 	 112 
628 	 195 	 354 	 340 	 111 
629 	 196 	 360 	 337 	 107 
630 	 196 	 360 	 337 	 107 
631 	 196 	 360 	 337 	 107 
632 	 196 	 360 	 337 	 107 
633 	 196 	 360 	 337 	 107 
634 	 196 	 360 	 337 	 107 
635 	 196 	 360 	 337 	 107 
636 	 196 	 360 	 337 	 107 
637 	 196 	 360 	 337 	 107 
638 	 196 	 360 	 337 	 107 
639 	 196 	 360 	 337 	 107 
640 	 196 	 360 	 337 	 107 
641 	 196 	 360 	 337 	 107 
642 	 196 	 360 	 337 	 107 
643 	 196 	 360 	 337 	 107 
644 	 196 	 360 	 337 	 107 
645 	 196 	 360 	 337 	 107 
646 	 196 	 360 	 337 	 107 
647 	 196 	 360 	 337 	 107 
648 	 196 	 360 	 337 	 107 
649 	 196 	 360 	 337 	 107 
650 	 196 	 360 	 337 	 107 
651 	 196 	 360 	 337 	 107 
652 	 196 	 360 	 337 	 107 
653 	 196 	 360 	 337 	 107 
654 	 196 	 360 	 337 	 107 
655 	 196 	 360 	 337 	 107 
656 	 196 	 360 	 337 	 107 
657 	 196 	 360 	 337 	 107 
658 	 196 	 360 	 337 	 107 
659 	 196 	 360 	 337 	 107 
660 	 196 	 360 	 337 	 107 
661 	 196 	 360 	 337 	 107 
662 	 196 	 360 	 337 	 107 
663 	 196 	 360 	 337 	 107 
664 	 196 	 360 	 337 	 107 
665 	 196 	 360 	 337 	 107 
666 	 196 	 360 	 337 	 107 
667 	 196 	 360 	 337 	 107 
668 	 196 	 360 	 337 	 107 
669 	 196 	 360 	 337 	 107 
670 	 196 	 360 	 337 	 107 
671 	 196 	 360 	 337 	 107 
672 	 196 	 360 	 337 	 107 
673 	 196 	 360 	 337 	 107 
674 	 196 	 360 	 336 	 108 
675 	 196 	 359 	 337 	 108 
676 	 196 	 357 	 337 	 110 
677 	 199 	 355 	 340 	 106 
678 	 199 	 355 	 340 	 106 
679 	 199 	 355 	 340 	 106 
680 	 199 	 355 	 340 	 106 
681 	 199 	 355 	 340 	 106 
682 	 199 	 356 	 341 	 104 
683 	 199 	 355 	 341 	 105 
684 	 200 	 352 	 339 	 109 
685 	 200 	 352 	 339 	 109 
686 	 200 	 352 	 339 	 109 
687 	 200 	 352 	 339 	 109 
688 	 200 	 352 	 339 	 109 
689 	 200 	 352 	 339 	 109 
690 	 200 	 354 	 339 	 107 
691 	 203 	 350 	 336 	 111 
692 	 203 	 350 	 336 	 111 
693 	 203 	 350 	 336 	 111 
694 	 203 	 350 	 336 	 111 
695 	 203 	 350 	 336 	 111 
696 	 203 	 350 	 336 	 111 
697 	 203 	 350 	 336 	 111 
698 	 203 	 350 	 336 	 111 
699 	 203 	 350 	 336 	 111 
700 	 203 	 349 	 336 	 112 
701 	 203 	 352 	 338 	 107 
702 	 203 	 353 	 339 	 105 
703 	 206 	 349 	 337 	 108 
704 	 206 	 349 	 337 	 108 
705 	 206 	 349 	 337 	 108 
706 	 206 	 349 	 337 	 108 
707 	 206 	 349 	 337 	 108 
708 	 206 	 349 	 337 	 108 
709 	 206 	 349 	 337 	 108 
710 	 206 	 349 	 337 	 108 
711 	 206 	 349 	 337 	 108 
712 	 206 	 349 	 337 	 108 
713 	 206 	 349 	 337 	 108 
714 	 206 	 349 	 337 	 108 
715 	 206 	 349 	 337 	 108 
716 	 206 	 349 	 337 	 108 
717 	 206 	 349 	 337 	 108 
718 	 206 	 349 	 337 	 108 
719 	 206 	 351 	 338 	 105 
720 	 206 	 352 	 340 	 102 
721 	 207 	 348 	 333 	 112 
722 	 207 	 348 	 333 	 112 
723 	 207 	 348 	 333 	 112 
724 	 207 	 348 	 333 	 112 
725 	 207 	 348 	 333 	 112 
726 	 207 	 348 	 333 	 112 
727 	 207 	 348 	 333 	 112 
728 	 207 	 348 	 335 	 110 
729 	 207 	 350 	 335 	 108 
730 	 207 	 348 	 339 	 106 
731 	 211 	 343 	 336 	 110 
732 	 211 	 343 	 335 	 111 
733 	 211 	 343 	 335 	 111 
734 	 211 	 344 	 330 	 115 
735 	 214 	 347 	 331 	 108 
736 	 214 	 347 	 331 	 108 
737 	 214 	 347 	 331 	 108 
738 	 214 	 347 	 331 	 108 
739 	 214 	 347 	 331 	 108 
740 	 214 	 347 	 331 	 108 
741 	 214 	 346 	 330 	 110 
742 	 215 	 348 	 329 	 108 
743 	 215 	 348 	 329 	 108 
744 	 215 	 348 	 329 	 108 
745 	 215 	 348 	 329 	 108 
746 	 215 	 348 	 329 	 108 
747 	 215 	 348 	 329 	 108 
748 	 215 	 348 	 328 	 109 
749 	 215 	 348 	 329 	 108 
750 	 215 	 343 	 329 	 113 
751 	 218 	 342 	 326 	 114 
752 	 218 	 344 	 325 	 113 
753 	 222 	 343 	 327 	 108 
754 	 222 	 343 	 327 	 108 
755 	 222 	 343 	 327 	 108 
756 	 222 	 343 	 327 	 108 
757 	 222 	 343 	 327 	 108 
758 	 222 	 343 	 327 	 108 
759 	 222 	 343 	 327 	 108 
760 	 222 	 343 	 327 	 108 
761 	 222 	 343 	 327 	 108 
762 	 222 	 343 	 327 	 108 
763 	 222 	 345 	 325 	 108 
764 	 223 	 338 	 334 	 105 
765 	 223 	 338 	 333 	 106 
766 	 223 	 340 	 333 	 104 
767 	 223 	 339 	 335 	 103 
768 	 224 	 342 	 334 	 100 
769 	 224 	 342 	 334 	 100 
770 	 224 	 342 	 334 	 100 
771 	 224 	 342 	 334 	 100 
772 	 224 	 342 	 334 	 100 
773 	 224 	 342 	 334 	 100 
774 	 224 	 342 	 334 	 100 
775 	 224 	 342 	 334 	 100 
776 	 224 	 342 	 334 	 100 
777 	 224 	 343 	 333 	 100 
778 	 224 	 343 	 332 	 101 
779 	 225 	 341 	 327 	 107 
780 	 225 	 341 	 327 	 107 
781 	 225 	 341 	 327 	 107 
782 	 225 	 342 	 328 	 105 
783 	 225 	 340 	 331 	 104 
784 	 225 	 339 	 332 	 104 
785 	 228 	 336 	 329 	 107 
786 	 228 	 336 	 329 	 107 
787 	 228 	 336 	 329 	 107 
788 	 228 	 336 	 329 	 107 
789 	 228 	 336 	 329 	 107 
790 	 228 	 336 	 329 	 107 
791 	 228 	 336 	 329 	 107 
792 	 228 	 336 	 329 	 107 
793 	 228 	 336 	 329 	 107 
794 	 228 	 336 	 329 	 107 
795 	 228 	 336 	 329 	 107 
796 	 228 	 336 	 329 	 107 
797 	 228 	 336 	 329 	 107 
798 	 228 	 336 	 329 	 107 
799 	 228 	 337 	 329 	 106 
800 	 228 	 340 	 330 	 102 
801 	 228 	 338 	 325 	 109 
802 	 229 	 338 	 323 	 110 
803 	 229 	 340 	 326 	 105 
804 	 232 	 336 	 325 	 107 
805 	 232 	 336 	 325 	 107 
806 	 232 	 336 	 325 	 107 
807 	 232 	 336 	 325 	 107 
808 	 232 	 336 	 326 	 106 
809 	 232 	 336 	 330 	 102 
810 	 232 	 339 	 331 	 98 
811 	 235 	 336 	 329 	 100 
812 	 235 	 336 	 329 	 100 
813 	 235 	 336 	 329 	 100 
814 	 235 	 336 	 329 	 100 
815 	 235 	 336 	 329 	 100 
816 	 235 	 336 	 329 	 100 
817 	 235 	 337 	 330 	 98 
818 	 235 	 337 	 331 	 97 
819 	 235 	 341 	 327 	 97 
820 	 236 	 342 	 330 	 92 
821 	 236 	 342 	 330 	 92 
822 	 236 	 343 	 330 	 91 
823 	 236 	 344 	 328 	 92 
824 	 236 	 343 	 327 	 94 
825 	 237 	 339 	 328 	 96 
826 	 238 	 342 	 327 	 93 
827 	 238 	 342 	 327 	 93 
828 	 238 	 342 	 327 	 93 
829 	 238 	 342 	 327 	 93 
830 	 238 	 342 	 327 	 93 
831 	 238 	 342 	 327 	 93 
832 	 238 	 342 	 327 	 93 
833 	 238 	 342 	 327 	 93 
834 	 238 	 342 	 328 	 92 
835 	 238 	 346 	 328 	 88 
836 	 239 	 340 	 324 	 97 
837 	 239 	 340 	 324 	 97 
838 	 239 	 340 	 324 	 97 
839 	 239 	 340 	 324 	 97 
840 	 239 	 340 	 324 	 97 
841 	 239 	 340 	 324 	 97 
842 	 239 	 340 	 324 	 97 
843 	 239 	 340 	 324 	 97 
844 	 239 	 340 	 324 	 97 
845 	 239 	 340 	 324 	 97 
846 	 239 	 340 	 325 	 96 
847 	 239 	 341 	 325 	 95 
848 	 239 	 347 	 328 	 86 
849 	 240 	 346 	 329 	 85 
850 	 240 	 346 	 329 	 85 
851 	 240 	 346 	 329 	 85 
852 	 240 	 346 	 329 	 85 
853 	 240 	 349 	 329 	 82 
854 	 240 	 345 	 330 	 85 
855 	 240 	 348 	 325 	 87 
856 	 242 	 349 	 325 	 84 
857 	 242 	 349 	 325 	 84 
858 	 242 	 349 	 325 	 84 
859 	 242 	 348 	 325 	 85 
860 	 244 	 344 	 320 	 92 
861 	 244 	 344 	 320 	 92 
862 	 244 	 344 	 320 	 92 
863 	 244 	 344 	 320 	 92 
864 	 244 	 344 	 320 	 92 
865 	 244 	 344 	 320 	 92 
866 	 244 	 344 	 320 	 92 
867 	 244 	 344 	 320 	 92 
868 	 244 	 344 	 320 	 92 
869 	 244 	 344 	 321 	 91 
870 	 244 	 344 	 321 	 91 
871 	 244 	 342 	 318 	 96 
872 	 247 	 341 	 314 	 98 
873 	 247 	 341 	 315 	 97 
874 	 247 	 342 	 319 	 92 
875 	 247 	 345 	 321 	 87 
876 	 248 	 341 	 317 	 94 
877 	 248 	 341 	 317 	 94 
878 	 248 	 341 	 317 	 94 
879 	 248 	 341 	 317 	 94 
880 	 248 	 341 	 317 	 94 
881 	 248 	 341 	 317 	 94 
882 	 248 	 341 	 317 	 94 
883 	 248 	 341 	 317 	 94 
884 	 248 	 341 	 317 	 94 
885 	 248 	 341 	 317 	 94 
886 	 248 	 341 	 317 	 94 
887 	 248 	 341 	 317 	 94 
888 	 248 	 341 	 317 	 94 
889 	 248 	 341 	 317 	 94 
890 	 248 	 341 	 317 	 94 
891 	 248 	 341 	 317 	 94 
892 	 248 	 341 	 317 	 94 
893 	 248 	 341 	 317 	 94 
894 	 248 	 341 	 317 	 94 
895 	 248 	 341 	 317 	 94 
896 	 248 	 341 	 317 	 94 
897 	 248 	 341 	 317 	 94 
898 	 248 	 341 	 317 	 94 
899 	 248 	 341 	 317 	 94 
900 	 248 	 341 	 317 	 94 
901 	 248 	 341 	 317 	 94 
902 	 248 	 341 	 316 	 95 
903 	 248 	 342 	 318 	 92 
904 	 248 	 345 	 323 	 84 
905 	 251 	 341 	 320 	 88 
906 	 251 	 341 	 320 	 88 
907 	 251 	 344 	 321 	 84 
908 	 251 	 342 	 320 	 87 
909 	 254 	 340 	 314 	 92 
910 	 254 	 343 	 317 	 86 
911 	 255 	 341 	 317 	 87 
912 	 255 	 341 	 317 	 87 
913 	 255 	 341 	 317 	 87 
914 	 255 	 341 	 317 	 87 
915 	 255 	 341 	 317 	 87 
916 	 255 	 341 	 317 	 87 
917 	 255 	 341 	 317 	 87 
918 	 255 	 341 	 317 	 87 
919 	 255 	 341 	 317 	 87 
920 	 255 	 341 	 317 	 87 
921 	 255 	 341 	 317 	 87 
922 	 255 	 342 	 318 	 85 
923 	 255 	 342 	 318 	 85 
924 	 257 	 340 	 318 	 85 
925 	 257 	 340 	 318 	 85 
926 	 257 	 340 	 318 	 85 
927 	 257 	 340 	 318 	 85 
928 	 257 	 340 	 318 	 85 
929 	 257 	 340 	 318 	 85 
930 	 257 	 341 	 318 	 84 
931 	 257 	 340 	 321 	 82 
932 	 258 	 345 	 318 	 79 
933 	 258 	 345 	 318 	 79 
934 	 258 	 346 	 321 	 75 
935 	 258 	 346 	 317 	 79 
936 	 259 	 349 	 310 	 82 
937 	 259 	 349 	 310 	 82 
938 	 259 	 349 	 310 	 82 
939 	 259 	 349 	 310 	 82 
940 	 259 	 349 	 310 	 82 
941 	 259 	 349 	 310 	 82 
942 	 259 	 349 	 310 	 82 
943 	 259 	 349 	 310 	 82 
944 	 259 	 349 	 310 	 82 
945 	 259 	 349 	 310 	 82 
946 	 259 	 349 	 310 	 82 
947 	 259 	 349 	 310 	 82 
948 	 259 	 349 	 310 	 82 
949 	 259 	 349 	 310 	 82 
950 	 259 	 349 	 310 	 82 
951 	 259 	 349 	 310 	 82 
952 	 259 	 349 	 310 	 82 
953 	 259 	 349 	 310 	 82 
954 	 259 	 349 	 310 	 82 
955 	 259 	 349 	 310 	 82 
956 	 259 	 349 	 310 	 82 
957 	 259 	 349 	 310 	 82 
958 	 259 	 349 	 310 	 82 
959 	 259 	 349 	 310 	 82 
960 	 259 	 349 	 310 	 82 
961 	 259 	 350 	 308 	 83 
962 	 259 	 353 	 307 	 81 
963 	 260 	 354 	 302 	 84 
964 	 260 	 354 	 302 	 84 
965 	 260 	 354 	 302 	 84 
966 	 260 	 354 	 302 	 84 
967 	 260 	 354 	 302 	 84 
968 	 260 	 354 	 302 	 84 
969 	 260 	 354 	 302 	 84 
970 	 260 	 354 	 302 	 84 
971 	 260 	 354 	 302 	 84 
972 	 260 	 354 	 302 	 84 
973 	 260 	 354 	 302 	 84 
974 	 260 	 354 	 302 	 84 
975 	 260 	 354 	 302 	 84 
976 	 260 	 354 	 302 	 84 
977 	 260 	 354 	 302 	 84 
978 	 260 	 354 	 302 	 84 
979 	 260 	 354 	 302 	 84 
980 	 260 	 354 	 302 	 84 
981 	 260 	 354 	 302 	 84 
982 	 260 	 352 	 300 	 88 
983 	 260 	 351 	 302 	 87 
984 	 261 	 347 	 305 	 87 
985 	 261 	 346 	 305 	 88 
986 	 261 	 347 	 306 	 86 
987 	 262 	 344 	 307 	 87 
988 	 262 	 344 	 307 	 87 
989 	 262 	 344 	 307 	 87 
990 	 262 	 344 	 307 	 87 
991 	 262 	 344 	 307 	 87 
992 	 262 	 344 	 307 	 87 
993 	 262 	 344 	 307 	 87 
994 	 262 	 344 	 307 	 87 
995 	 262 	 344 	 307 	 87 
996 	 262 	 344 	 307 	 87 
997 	 262 	 344 	 307 	 87 
998 	 262 	 344 	 307 	 87 
999 	 262 	 344 	 307 	 87 
1000 	 262 	 344 	 307 	 87 
1001 	 262 	 344 	 307 	 87 
1002 	 262 	 344 	 307 	 87 
1003 	 262 	 344 	 307 	 87 
1004 	 262 	 344 	 307 	 87 
1005 	 262 	 344 	 307 	 87 
1006 	 262 	 344 	 307 	 87 
1007 	 262 	 344 	 307 	 87 
1008 	 262 	 344 	 307 	 87 
1009 	 262 	 344 	 307 	 87 
1010 	 262 	 344 	 307 	 87 
1011 	 262 	 344 	 307 	 87 
1012 	 262 	 344 	 307 	 87 
1013 	 262 	 344 	 307 	 87 
1014 	 262 	 344 	 307 	 87 
1015 	 262 	 344 	 307 	 87 
1016 	 262 	 344 	 307 	 87 
1017 	 262 	 344 	 307 	 87 
1018 	 262 	 346 	 305 	 87 
1019 	 262 	 346 	 303 	 89 
1020 	 264 	 344 	 304 	 88 
1021 	 265 	 345 	 306 	 84 
1022 	 265 	 345 	 306 	 84 
1023 	 265 	 345 	 306 	 84 
1024 	 265 	 345 	 306 	 84 
1025 	 265 	 345 	 306 	 84 
1026 	 265 	 341 	 304 	 90 
1027 	 265 	 340 	 303 	 92 
1028 	 266 	 340 	 303 	 91 
1029 	 266 	 339 	 304 	 91 
1030 	 266 	 337 	 300 	 97 
1031 	 266 	 333 	 303 	 98 
1032 	 270 	 326 	 301 	 103 
1033 	 270 	 326 	 301 	 103 
1034 	 270 	 326 	 301 	 103 
1035 	 270 	 326 	 301 	 103 
1036 	 270 	 326 	 301 	 103 
1037 	 270 	 326 	 301 	 103 
1038 	 270 	 326 	 301 	 103 
1039 	 270 	 326 	 301 	 103 
1040 	 270 	 326 	 301 	 103 
1041 	 270 	 326 	 301 	 103 
1042 	 270 	 326 	 303 	 101 
1043 	 270 	 325 	 300 	 105 
1044 	 272 	 327 	 301 	 100 
1045 	 272 	 327 	 301 	 100 
1046 	 272 	 327 	 301 	 100 
1047 	 272 	 327 	 301 	 100 
1048 	 272 	 327 	 301 	 100 
1049 	 272 	 327 	 301 	 100 
1050 	 272 	 327 	 301 	 100 
1051 	 272 	 327 	 301 	 100 
1052 	 272 	 327 	 301 	 100 
1053 	 272 	 327 	 301 	 100 
1054 	 272 	 327 	 301 	 100 
1055 	 272 	 327 	 301 	 100 
1056 	 272 	 327 	 301 	 100 
1057 	 272 	 327 	 301 	 100 
1058 	 272 	 327 	 301 	 100 
1059 	 272 	 327 	 301 	 100 
1060 	 272 	 327 	 301 	 100 
1061 	 272 	 327 	 301 	 100 
1062 	 272 	 327 	 301 	 100 
1063 	 272 	 327 	 301 	 100 
1064 	 272 	 327 	 301 	 100 
1065 	 272 	 327 	 301 	 100 
1066 	 272 	 327 	 301 	 100 
1067 	 272 	 327 	 301 	 100 
1068 	 272 	 327 	 301 	 100 
1069 	 272 	 326 	 300 	 102 
1070 	 272 	 326 	 299 	 103 
1071 	 272 	 325 	 298 	 105 
1072 	 273 	 325 	 297 	 105 
1073 	 273 	 325 	 297 	 105 
1074 	 273 	 325 	 298 	 104 
1075 	 273 	 328 	 301 	 98 
1076 	 273 	 332 	 295 	 100 
1077 	 275 	 326 	 294 	 105 
1078 	 275 	 326 	 294 	 105 
1079 	 275 	 326 	 294 	 105 
1080 	 275 	 326 	 294 	 105 
1081 	 275 	 326 	 294 	 105 
1082 	 275 	 326 	 294 	 105 
1083 	 275 	 326 	 294 	 105 
1084 	 275 	 326 	 294 	 105 
1085 	 275 	 328 	 293 	 104 
1086 	 275 	 328 	 294 	 103 
1087 	 275 	 329 	 294 	 102 
1088 	 277 	 324 	 294 	 105 
1089 	 277 	 324 	 294 	 105 
1090 	 277 	 324 	 294 	 105 
1091 	 277 	 324 	 294 	 105 
1092 	 277 	 324 	 294 	 105 
1093 	 277 	 324 	 294 	 105 
1094 	 277 	 324 	 294 	 105 
1095 	 277 	 324 	 294 	 105 
1096 	 277 	 324 	 294 	 105 
1097 	 277 	 324 	 294 	 105 
1098 	 277 	 324 	 294 	 105 
1099 	 277 	 324 	 294 	 105 
1100 	 277 	 324 	 294 	 105 
1101 	 277 	 324 	 294 	 105 
1102 	 277 	 324 	 294 	 105 
1103 	 277 	 324 	 294 	 105 
1104 	 277 	 324 	 294 	 105 
1105 	 277 	 324 	 294 	 105 
1106 	 277 	 324 	 294 	 105 
1107 	 277 	 324 	 294 	 105 
1108 	 277 	 324 	 294 	 105 
1109 	 277 	 324 	 294 	 105 
1110 	 277 	 324 	 294 	 105 
1111 	 277 	 324 	 294 	 105 
1112 	 277 	 324 	 294 	 105 
1113 	 277 	 324 	 294 	 105 
1114 	 277 	 325 	 295 	 103 
1115 	 277 	 323 	 295 	 105 
1116 	 277 	 319 	 291 	 113 
1117 	 281 	 323 	 291 	 105 
1118 	 281 	 323 	 291 	 105 
1119 	 281 	 323 	 291 	 105 
1120 	 281 	 323 	 291 	 105 
1121 	 281 	 323 	 291 	 105 
1122 	 281 	 323 	 291 	 105 
1123 	 281 	 323 	 291 	 105 
1124 	 281 	 323 	 291 	 105 
1125 	 281 	 323 	 291 	 105 
1126 	 281 	 323 	 291 	 105 
1127 	 281 	 323 	 291 	 105 
1128 	 281 	 323 	 292 	 104 
1129 	 281 	 324 	 294 	 101 
1130 	 281 	 323 	 292 	 104 
1131 	 282 	 324 	 293 	 101 
1132 	 282 	 323 	 293 	 102 
1133 	 282 	 324 	 293 	 101 
1134 	 283 	 321 	 292 	 104 
1135 	 283 	 321 	 292 	 104 
1136 	 283 	 320 	 293 	 104 
1137 	 283 	 321 	 289 	 107 
1138 	 285 	 321 	 288 	 106 
1139 	 285 	 321 	 288 	 106 
1140 	 285 	 321 	 288 	 106 
1141 	 285 	 321 	 288 	 106 
1142 	 285 	 321 	 288 	 106 
1143 	 285 	 321 	 288 	 106 
1144 	 285 	 321 	 287 	 107 
1145 	 285 	 323 	 288 	 104 
1146 	 285 	 323 	 288 	 104 
1147 	 287 	 321 	 292 	 100 
1148 	 293 	 315 	 296 	 96 
1149 	 293 	 319 	 297 	 91 
1150 	 294 	 327 	 297 	 82 
1151 	 294 	 327 	 297 	 82 
1152 	 294 	 327 	 297 	 82 
1153 	 294 	 327 	 297 	 82 
1154 	 294 	 325 	 298 	 83 
1155 	 295 	 322 	 298 	 85 
1156 	 295 	 322 	 298 	 85 
1157 	 295 	 322 	 298 	 85 
1158 	 295 	 322 	 298 	 85 
1159 	 295 	 322 	 298 	 85 
1160 	 295 	 322 	 298 	 85 
1161 	 295 	 322 	 298 	 85 
1162 	 295 	 322 	 298 	 85 
1163 	 295 	 322 	 298 	 85 
1164 	 295 	 322 	 298 	 85 
1165 	 295 	 322 	 298 	 85 
1166 	 295 	 322 	 298 	 85 
1167 	 295 	 322 	 298 	 85 
1168 	 295 	 322 	 298 	 85 
1169 	 295 	 322 	 298 	 85 
1170 	 295 	 322 	 298 	 85 
1171 	 295 	 322 	 298 	 85 
1172 	 295 	 322 	 298 	 85 
1173 	 295 	 322 	 298 	 85 
1174 	 295 	 322 	 298 	 85 
1175 	 295 	 322 	 298 	 85 
1176 	 295 	 322 	 298 	 85 
1177 	 295 	 322 	 298 	 85 
1178 	 295 	 322 	 298 	 85 
1179 	 295 	 322 	 298 	 85 
1180 	 295 	 322 	 298 	 85 
1181 	 295 	 322 	 298 	 85 
1182 	 295 	 322 	 298 	 85 
1183 	 295 	 322 	 298 	 85 
1184 	 295 	 322 	 298 	 85 
1185 	 295 	 322 	 298 	 85 
1186 	 295 	 322 	 298 	 85 
1187 	 295 	 322 	 298 	 85 
1188 	 295 	 322 	 298 	 85 
1189 	 295 	 322 	 298 	 85 
1190 	 295 	 322 	 298 	 85 
1191 	 295 	 322 	 298 	 85 
1192 	 295 	 322 	 298 	 85 
1193 	 295 	 322 	 298 	 85 
1194 	 295 	 322 	 298 	 85 
1195 	 295 	 322 	 298 	 85 
1196 	 295 	 322 	 298 	 85 
1197 	 295 	 322 	 298 	 85 
1198 	 295 	 322 	 298 	 85 
1199 	 295 	 322 	 298 	 85 
1200 	 295 	 322 	 298 	 85 
1201 	 295 	 322 	 298 	 85 
1202 	 295 	 322 	 298 	 85 
1203 	 295 	 322 	 298 	 85 
1204 	 295 	 322 	 298 	 85 
1205 	 295 	 322 	 298 	 85 
1206 	 295 	 322 	 298 	 85 
1207 	 295 	 322 	 298 	 85 
1208 	 295 	 322 	 298 	 85 
1209 	 295 	 322 	 298 	 85 
1210 	 295 	 322 	 298 	 85 
1211 	 295 	 322 	 298 	 85 
1212 	 295 	 322 	 298 	 85 
1213 	 295 	 322 	 298 	 85 
1214 	 295 	 322 	 298 	 85 
1215 	 295 	 322 	 298 	 85 
1216 	 295 	 321 	 298 	 86 
1217 	 295 	 322 	 301 	 82 
1218 	 295 	 320 	 301 	 84 
1219 	 296 	 322 	 300 	 82 
1220 	 296 	 322 	 300 	 82 
1221 	 296 	 321 	 300 	 83 
1222 	 296 	 321 	 298 	 85 
1223 	 296 	 321 	 298 	 85 
1224 	 299 	 318 	 295 	 88 
1225 	 299 	 318 	 295 	 88 
1226 	 299 	 318 	 295 	 88 
1227 	 299 	 318 	 295 	 88 
1228 	 299 	 318 	 295 	 88 
1229 	 299 	 318 	 295 	 88 
1230 	 299 	 318 	 295 	 88 
1231 	 299 	 318 	 295 	 88 
1232 	 299 	 318 	 295 	 88 
1233 	 299 	 318 	 295 	 88 
1234 	 299 	 318 	 295 	 88 
1235 	 299 	 319 	 295 	 87 
1236 	 299 	 319 	 295 	 87 
1237 	 299 	 318 	 295 	 88 
1238 	 303 	 312 	 286 	 99 
1239 	 303 	 312 	 286 	 99 
1240 	 303 	 312 	 286 	 99 
1241 	 303 	 312 	 286 	 99 
1242 	 303 	 312 	 286 	 99 
1243 	 303 	 312 	 286 	 99 
1244 	 303 	 312 	 286 	 99 
1245 	 303 	 313 	 284 	 100 
1246 	 303 	 314 	 289 	 94 
1247 	 304 	 311 	 284 	 101 
1248 	 304 	 311 	 284 	 101 
1249 	 304 	 311 	 284 	 101 
1250 	 304 	 313 	 284 	 99 
1251 	 305 	 312 	 286 	 97 
1252 	 305 	 312 	 286 	 97 
1253 	 305 	 312 	 286 	 97 
1254 	 305 	 312 	 286 	 97 
1255 	 305 	 312 	 286 	 97 
1256 	 305 	 312 	 286 	 97 
1257 	 305 	 311 	 287 	 97 
1258 	 305 	 311 	 287 	 97 
1259 	 306 	 310 	 278 	 106 
1260 	 306 	 310 	 278 	 106 
1261 	 306 	 310 	 278 	 106 
1262 	 306 	 310 	 278 	 106 
1263 	 306 	 310 	 278 	 106 
1264 	 306 	 310 	 278 	 106 
1265 	 306 	 310 	 278 	 106 
1266 	 306 	 310 	 278 	 106 
1267 	 306 	 310 	 278 	 106 
1268 	 306 	 310 	 278 	 106 
1269 	 306 	 310 	 278 	 106 
1270 	 306 	 310 	 278 	 106 
1271 	 306 	 310 	 278 	 106 
1272 	 306 	 310 	 278 	 106 
1273 	 306 	 310 	 278 	 106 
1274 	 306 	 310 	 278 	 106 
1275 	 306 	 310 	 278 	 106 
1276 	 306 	 310 	 278 	 106 
1277 	 306 	 310 	 278 	 106 
1278 	 306 	 310 	 278 	 106 
1279 	 306 	 310 	 278 	 106 
1280 	 306 	 311 	 280 	 103 
1281 	 306 	 311 	 280 	 103 
1282 	 307 	 313 	 280 	 100 
1283 	 307 	 313 	 280 	 100 
1284 	 307 	 313 	 280 	 100 
1285 	 307 	 313 	 280 	 100 
1286 	 307 	 313 	 281 	 99 
1287 	 316 	 307 	 283 	 94 
1288 	 316 	 307 	 283 	 94 
1289 	 316 	 307 	 283 	 94 
1290 	 316 	 307 	 283 	 94 
1291 	 316 	 307 	 283 	 94 
1292 	 316 	 307 	 283 	 94 
1293 	 316 	 308 	 283 	 93 
1294 	 316 	 307 	 282 	 95 
1295 	 316 	 312 	 286 	 86 
1296 	 317 	 311 	 282 	 90 
1297 	 317 	 311 	 282 	 90 
1298 	 317 	 311 	 282 	 90 
1299 	 317 	 311 	 282 	 90 
1300 	 317 	 311 	 282 	 90 
1301 	 317 	 311 	 282 	 90 
1302 	 317 	 311 	 282 	 90 
1303 	 317 	 311 	 282 	 90 
1304 	 317 	 311 	 282 	 90 
1305 	 317 	 311 	 282 	 90 
1306 	 317 	 311 	 282 	 90 
1307 	 317 	 311 	 282 	 90 
1308 	 317 	 311 	 282 	 90 
1309 	 317 	 311 	 282 	 90 
1310 	 317 	 311 	 282 	 90 
1311 	 317 	 311 	 282 	 90 
1312 	 317 	 311 	 282 	 90 
1313 	 317 	 311 	 282 	 90 
1314 	 317 	 311 	 282 	 90 
1315 	 317 	 311 	 282 	 90 
1316 	 317 	 311 	 282 	 90 
1317 	 317 	 311 	 282 	 90 
1318 	 317 	 311 	 282 	 90 
1319 	 317 	 310 	 282 	 91 
1320 	 317 	 309 	 280 	 94 
1321 	 317 	 303 	 277 	 103 
1322 	 318 	 302 	 274 	 106 
1323 	 318 	 302 	 274 	 106 
1324 	 318 	 302 	 274 	 106 
1325 	 318 	 302 	 274 	 106 
1326 	 318 	 302 	 274 	 106 
1327 	 318 	 302 	 274 	 106 
1328 	 318 	 302 	 274 	 106 
1329 	 318 	 301 	 272 	 109 
1330 	 318 	 300 	 269 	 113 
1331 	 318 	 299 	 270 	 113 
1332 	 319 	 301 	 269 	 111 
1333 	 319 	 301 	 269 	 111 
1334 	 319 	 301 	 269 	 111 
1335 	 319 	 301 	 269 	 111 
1336 	 319 	 301 	 269 	 111 
1337 	 319 	 301 	 269 	 111 
1338 	 319 	 301 	 269 	 111 
1339 	 319 	 301 	 269 	 111 
1340 	 319 	 301 	 269 	 111 
1341 	 319 	 301 	 270 	 110 
1342 	 319 	 303 	 272 	 106 
1343 	 320 	 308 	 278 	 94 
1344 	 320 	 308 	 278 	 94 
1345 	 320 	 308 	 278 	 94 
1346 	 320 	 308 	 278 	 94 
1347 	 320 	 308 	 279 	 93 
1348 	 320 	 308 	 277 	 95 
1349 	 320 	 307 	 278 	 95 
1350 	 323 	 300 	 279 	 98 
1351 	 323 	 300 	 279 	 98 
1352 	 323 	 300 	 279 	 98 
1353 	 323 	 300 	 279 	 98 
1354 	 323 	 300 	 279 	 98 
1355 	 323 	 300 	 279 	 98 
1356 	 323 	 300 	 279 	 98 
1357 	 323 	 300 	 279 	 98 
1358 	 323 	 300 	 279 	 98 
1359 	 323 	 300 	 279 	 98 
1360 	 323 	 300 	 278 	 99 
1361 	 323 	 300 	 278 	 99 
1362 	 323 	 301 	 279 	 97 
1363 	 324 	 299 	 273 	 104 
1364 	 325 	 300 	 271 	 104 
1365 	 325 	 298 	 271 	 106 
1366 	 325 	 296 	 273 	 106 
1367 	 327 	 297 	 270 	 106 
1368 	 327 	 297 	 270 	 106 
1369 	 327 	 302 	 273 	 98 
1370 	 329 	 293 	 276 	 102 
1371 	 332 	 293 	 271 	 104 
1372 	 332 	 293 	 271 	 104 
1373 	 332 	 293 	 271 	 104 
1374 	 332 	 293 	 271 	 104 
1375 	 332 	 293 	 271 	 104 
1376 	 332 	 293 	 271 	 104 
1377 	 332 	 293 	 271 	 104 
1378 	 332 	 293 	 271 	 104 
1379 	 332 	 293 	 271 	 104 
1380 	 332 	 293 	 271 	 104 
1381 	 332 	 293 	 273 	 102 
1382 	 332 	 293 	 273 	 102 
1383 	 333 	 287 	 272 	 108 
1384 	 333 	 287 	 272 	 108 
1385 	 333 	 287 	 272 	 108 
1386 	 333 	 287 	 272 	 108 
1387 	 333 	 287 	 272 	 108 
1388 	 333 	 287 	 272 	 108 
1389 	 333 	 287 	 272 	 108 
1390 	 333 	 287 	 272 	 108 
1391 	 333 	 287 	 272 	 108 
1392 	 333 	 287 	 272 	 108 
1393 	 333 	 287 	 272 	 108 
1394 	 333 	 287 	 272 	 108 
1395 	 333 	 287 	 272 	 108 
1396 	 333 	 287 	 272 	 108 
1397 	 333 	 287 	 272 	 108 
1398 	 333 	 287 	 272 	 108 
1399 	 333 	 287 	 272 	 108 
1400 	 333 	 287 	 272 	 108 
1401 	 333 	 287 	 272 	 108 
1402 	 333 	 287 	 272 	 108 
1403 	 333 	 287 	 272 	 108 
1404 	 333 	 288 	 272 	 107 
1405 	 333 	 289 	 272 	 106 
1406 	 333 	 290 	 271 	 106 
1407 	 334 	 290 	 270 	 106 
1408 	 334 	 290 	 270 	 106 
1409 	 334 	 290 	 269 	 107 
1410 	 336 	 283 	 272 	 109 
1411 	 338 	 283 	 272 	 107 
1412 	 338 	 283 	 272 	 107 
1413 	 338 	 283 	 272 	 107 
1414 	 338 	 283 	 272 	 107 
1415 	 338 	 287 	 272 	 103 
1416 	 338 	 294 	 276 	 92 
1417 	 340 	 290 	 281 	 89 
1418 	 340 	 289 	 281 	 90 
1419 	 340 	 290 	 279 	 91 
1420 	 340 	 291 	 275 	 94 
1421 	 343 	 286 	 274 	 97 
1422 	 343 	 286 	 274 	 97 
1423 	 343 	 286 	 274 	 97 
1424 	 343 	 286 	 274 	 97 
1425 	 343 	 286 	 274 	 97 
1426 	 343 	 286 	 274 	 97 
1427 	 343 	 286 	 274 	 97 
1428 	 343 	 286 	 274 	 97 
1429 	 343 	 286 	 273 	 98 
1430 	 343 	 286 	 273 	 98 
1431 	 343 	 289 	 273 	 95 
1432 	 343 	 293 	 276 	 88 
1433 	 344 	 291 	 267 	 98 
1434 	 344 	 291 	 267 	 98 
1435 	 344 	 291 	 267 	 98 
1436 	 344 	 291 	 267 	 98 
1437 	 344 	 291 	 268 	 97 
1438 	 344 	 292 	 272 	 92 
1439 	 345 	 296 	 273 	 86 
1440 	 345 	 296 	 273 	 86 
1441 	 345 	 296 	 273 	 86 
1442 	 345 	 295 	 273 	 87 
1443 	 345 	 294 	 272 	 89 
1444 	 345 	 290 	 272 	 93 
1445 	 346 	 290 	 270 	 94 
1446 	 346 	 290 	 270 	 94 
1447 	 346 	 290 	 270 	 94 
1448 	 346 	 290 	 270 	 94 
1449 	 346 	 290 	 270 	 94 
1450 	 346 	 290 	 270 	 94 
1451 	 346 	 290 	 270 	 94 
1452 	 346 	 290 	 270 	 94 
1453 	 346 	 290 	 270 	 94 
1454 	 346 	 290 	 270 	 94 
1455 	 346 	 290 	 270 	 94 
1456 	 346 	 290 	 270 	 94 
1457 	 346 	 290 	 270 	 94 
1458 	 346 	 290 	 270 	 94 
1459 	 346 	 290 	 270 	 94 
1460 	 346 	 290 	 270 	 94 
1461 	 346 	 290 	 270 	 94 
1462 	 346 	 290 	 270 	 94 
1463 	 346 	 290 	 270 	 94 
1464 	 346 	 290 	 270 	 94 
1465 	 346 	 290 	 270 	 94 
1466 	 346 	 290 	 270 	 94 
1467 	 346 	 290 	 270 	 94 
1468 	 346 	 290 	 270 	 94 
1469 	 346 	 290 	 270 	 94 
1470 	 346 	 290 	 270 	 94 
1471 	 346 	 290 	 271 	 93 
1472 	 346 	 289 	 273 	 92 
1473 	 346 	 291 	 272 	 91 
1474 	 347 	 291 	 274 	 88 
1475 	 347 	 291 	 274 	 88 
1476 	 347 	 291 	 274 	 88 
1477 	 347 	 291 	 274 	 88 
1478 	 347 	 291 	 273 	 89 
1479 	 347 	 286 	 276 	 91 
1480 	 350 	 284 	 277 	 89 
1481 	 350 	 284 	 277 	 89 
1482 	 350 	 284 	 277 	 89 
1483 	 350 	 284 	 277 	 89 
1484 	 350 	 284 	 277 	 89 
1485 	 350 	 284 	 277 	 89 
1486 	 350 	 284 	 275 	 91 
1487 	 350 	 289 	 270 	 91 
1488 	 354 	 285 	 267 	 94 
1489 	 354 	 285 	 267 	 94 
1490 	 354 	 285 	 267 	 94 
1491 	 354 	 285 	 267 	 94 
1492 	 354 	 285 	 267 	 94 
1493 	 354 	 285 	 267 	 94 
1494 	 354 	 285 	 267 	 94 
1495 	 354 	 285 	 267 	 94 
1496 	 354 	 285 	 268 	 93 
1497 	 354 	 286 	 269 	 91 
1498 	 354 	 286 	 265 	 95 
1499 	 355 	 289 	 271 	 85 
1500 	 355 	 289 	 271 	 85 
1501 	 355 	 289 	 271 	 85 
1502 	 355 	 289 	 271 	 85 
1503 	 355 	 289 	 271 	 85 
1504 	 355 	 289 	 271 	 85 
1505 	 355 	 289 	 271 	 85 
1506 	 355 	 289 	 271 	 85 
1507 	 355 	 289 	 271 	 85 
1508 	 355 	 289 	 271 	 85 
1509 	 355 	 288 	 271 	 86 
1510 	 355 	 288 	 272 	 85 
1511 	 356 	 286 	 269 	 89 
1512 	 356 	 286 	 269 	 89 
1513 	 356 	 286 	 269 	 89 
1514 	 356 	 286 	 269 	 89 
1515 	 356 	 286 	 269 	 89 
1516 	 356 	 286 	 268 	 90 
1517 	 356 	 287 	 269 	 88 
1518 	 356 	 288 	 266 	 90 
1519 	 357 	 292 	 263 	 88 
1520 	 357 	 292 	 263 	 88 
1521 	 357 	 292 	 263 	 88 
1522 	 357 	 292 	 263 	 88 
1523 	 357 	 292 	 263 	 88 
1524 	 357 	 292 	 263 	 88 
1525 	 357 	 291 	 266 	 86 
1526 	 357 	 292 	 265 	 86 
1527 	 359 	 290 	 264 	 87 
1528 	 359 	 288 	 265 	 88 
1529 	 359 	 287 	 264 	 90 
1530 	 360 	 287 	 263 	 90 
1531 	 360 	 287 	 263 	 90 
1532 	 360 	 287 	 263 	 90 
1533 	 360 	 287 	 263 	 90 
1534 	 360 	 289 	 263 	 88 
1535 	 360 	 289 	 263 	 88 
1536 	 360 	 290 	 263 	 87 
1537 	 366 	 285 	 257 	 92 
1538 	 366 	 285 	 257 	 92 
1539 	 366 	 285 	 257 	 92 
1540 	 366 	 285 	 257 	 92 
1541 	 366 	 285 	 257 	 92 
1542 	 366 	 285 	 257 	 92 
1543 	 366 	 285 	 257 	 92 
1544 	 366 	 287 	 257 	 90 
1545 	 366 	 286 	 258 	 90 
1546 	 366 	 290 	 262 	 82 
1547 	 369 	 289 	 264 	 78 
1548 	 369 	 290 	 264 	 77 
1549 	 371 	 292 	 263 	 74 
1550 	 371 	 292 	 263 	 74 
1551 	 371 	 292 	 263 	 74 
1552 	 371 	 292 	 263 	 74 
1553 	 371 	 292 	 263 	 74 
1554 	 371 	 292 	 263 	 74 
1555 	 371 	 292 	 263 	 74 
1556 	 371 	 292 	 263 	 74 
1557 	 371 	 292 	 263 	 74 
1558 	 371 	 292 	 263 	 74 
1559 	 371 	 291 	 262 	 76 
1560 	 371 	 286 	 262 	 81 
1561 	 372 	 284 	 263 	 81 
1562 	 374 	 283 	 263 	 80 
1563 	 374 	 283 	 263 	 80 
1564 	 374 	 283 	 263 	 80 
1565 	 374 	 283 	 263 	 80 
1566 	 374 	 283 	 263 	 80 
1567 	 374 	 283 	 263 	 80 
1568 	 374 	 283 	 263 	 80 
1569 	 374 	 283 	 263 	 80 
1570 	 374 	 283 	 263 	 80 
1571 	 374 	 283 	 263 	 80 
1572 	 374 	 283 	 263 	 80 
1573 	 374 	 283 	 263 	 80 
1574 	 374 	 283 	 263 	 80 
1575 	 374 	 283 	 263 	 80 
1576 	 374 	 283 	 263 	 80 
1577 	 374 	 283 	 263 	 80 
1578 	 374 	 283 	 263 	 80 
1579 	 374 	 283 	 263 	 80 
1580 	 374 	 283 	 263 	 80 
1581 	 374 	 283 	 263 	 80 
1582 	 374 	 283 	 263 	 80 
1583 	 374 	 283 	 263 	 80 
1584 	 374 	 283 	 263 	 80 
1585 	 374 	 283 	 263 	 80 
1586 	 374 	 283 	 263 	 80 
1587 	 374 	 283 	 263 	 80 
1588 	 374 	 283 	 263 	 80 
1589 	 374 	 283 	 263 	 80 
1590 	 374 	 283 	 263 	 80 
1591 	 374 	 283 	 263 	 80 
1592 	 374 	 284 	 263 	 79 
1593 	 374 	 284 	 263 	 79 
1594 	 374 	 282 	 259 	 85 
1595 	 379 	 281 	 259 	 81 
1596 	 379 	 281 	 259 	 81 
1597 	 379 	 282 	 259 	 80 
1598 	 379 	 283 	 259 	 79 
1599 	 379 	 280 	 261 	 80 
1600 	 380 	 280 	 261 	 79 
1601 	 380 	 280 	 261 	 79 
1602 	 380 	 280 	 261 	 79 
1603 	 380 	 280 	 261 	 79 
1604 	 380 	 280 	 261 	 79 
1605 	 380 	 280 	 261 	 79 
1606 	 380 	 280 	 261 	 79 
1607 	 380 	 280 	 261 	 79 
1608 	 380 	 280 	 261 	 79 
1609 	 380 	 280 	 262 	 78 
1610 	 385 	 274 	 261 	 80 
1611 	 385 	 274 	 261 	 80 
1612 	 385 	 274 	 261 	 80 
1613 	 385 	 274 	 261 	 80 
1614 	 385 	 274 	 261 	 80 
1615 	 385 	 274 	 261 	 80 
1616 	 385 	 274 	 261 	 80 
1617 	 385 	 274 	 261 	 80 
1618 	 385 	 274 	 261 	 80 
1619 	 385 	 274 	 261 	 80 
1620 	 385 	 274 	 261 	 80 
1621 	 385 	 274 	 261 	 80 
1622 	 385 	 274 	 261 	 80 
1623 	 385 	 274 	 261 	 80 
1624 	 385 	 274 	 261 	 80 
1625 	 385 	 274 	 261 	 80 
1626 	 385 	 274 	 261 	 80 
1627 	 385 	 275 	 261 	 79 
1628 	 385 	 278 	 261 	 76 
1629 	 387 	 275 	 255 	 83 
1630 	 387 	 275 	 255 	 83 
1631 	 387 	 275 	 255 	 83 
1632 	 387 	 275 	 255 	 83 
1633 	 387 	 275 	 255 	 83 
1634 	 387 	 275 	 255 	 83 
1635 	 387 	 275 	 255 	 83 
1636 	 387 	 275 	 255 	 83 
1637 	 387 	 274 	 255 	 84 
1638 	 387 	 274 	 255 	 84 
1639 	 387 	 275 	 260 	 78 
1640 	 388 	 270 	 262 	 80 
1641 	 388 	 270 	 262 	 80 
1642 	 388 	 270 	 262 	 80 
1643 	 388 	 270 	 262 	 80 
1644 	 388 	 270 	 262 	 80 
1645 	 388 	 270 	 262 	 80 
1646 	 388 	 270 	 262 	 80 
1647 	 388 	 270 	 262 	 80 
1648 	 388 	 270 	 262 	 80 
1649 	 388 	 272 	 262 	 78 
1650 	 388 	 275 	 260 	 77 
1651 	 388 	 273 	 262 	 77 
1652 	 389 	 273 	 259 	 79 
1653 	 389 	 273 	 259 	 79 
1654 	 389 	 273 	 259 	 79 
1655 	 389 	 273 	 259 	 79 
1656 	 389 	 273 	 259 	 79 
1657 	 389 	 273 	 259 	 79 
1658 	 389 	 273 	 259 	 79 
1659 	 389 	 273 	 259 	 79 
1660 	 389 	 273 	 259 	 79 
1661 	 389 	 273 	 259 	 79 
1662 	 389 	 273 	 259 	 79 
1663 	 389 	 273 	 259 	 79 
1664 	 389 	 273 	 259 	 79 
1665 	 389 	 273 	 259 	 79 
1666 	 389 	 273 	 259 	 79 
1667 	 389 	 273 	 260 	 78 
1668 	 389 	 273 	 261 	 77 
1669 	 389 	 269 	 260 	 82 
1670 	 394 	 268 	 261 	 77 
1671 	 394 	 268 	 261 	 77 
1672 	 394 	 268 	 261 	 77 
1673 	 394 	 268 	 261 	 77 
1674 	 394 	 268 	 261 	 77 
1675 	 394 	 268 	 261 	 77 
1676 	 394 	 268 	 261 	 77 
1677 	 394 	 268 	 261 	 77 
1678 	 394 	 268 	 261 	 77 
1679 	 394 	 268 	 261 	 77 
1680 	 394 	 268 	 262 	 76 
1681 	 394 	 268 	 263 	 75 
1682 	 394 	 266 	 261 	 79 
1683 	 395 	 266 	 260 	 79 
1684 	 395 	 266 	 260 	 79 
1685 	 395 	 266 	 260 	 79 
1686 	 395 	 271 	 260 	 74 
1687 	 395 	 273 	 257 	 75 
1688 	 396 	 273 	 256 	 75 
1689 	 396 	 273 	 256 	 75 
1690 	 396 	 273 	 256 	 75 
1691 	 396 	 273 	 256 	 75 
1692 	 396 	 273 	 256 	 75 
1693 	 396 	 272 	 255 	 77 
1694 	 396 	 275 	 252 	 77 
1695 	 401 	 271 	 253 	 75 
1696 	 401 	 270 	 254 	 75 
1697 	 403 	 268 	 252 	 77 
1698 	 403 	 268 	 252 	 77 
1699 	 403 	 268 	 252 	 77 
1700 	 403 	 268 	 252 	 77 
1701 	 403 	 269 	 252 	 76 
1702 	 403 	 268 	 254 	 75 
1703 	 404 	 270 	 257 	 69 
1704 	 404 	 270 	 257 	 69 
1705 	 404 	 270 	 257 	 69 
1706 	 404 	 270 	 257 	 69 
1707 	 404 	 270 	 257 	 69 
1708 	 404 	 270 	 257 	 69 
1709 	 404 	 270 	 257 	 69 
1710 	 404 	 270 	 257 	 69 
1711 	 404 	 270 	 257 	 69 
1712 	 404 	 269 	 256 	 71 
1713 	 404 	 269 	 255 	 72 
1714 	 405 	 264 	 252 	 79 
1715 	 405 	 264 	 252 	 79 
1716 	 405 	 264 	 252 	 79 
1717 	 405 	 264 	 252 	 79 
1718 	 405 	 264 	 252 	 79 
1719 	 405 	 264 	 252 	 79 
1720 	 405 	 264 	 252 	 79 
1721 	 405 	 264 	 252 	 79 
1722 	 405 	 264 	 252 	 79 
1723 	 405 	 264 	 252 	 79 
1724 	 405 	 264 	 252 	 79 
1725 	 405 	 264 	 252 	 79 
1726 	 405 	 264 	 252 	 79 
1727 	 405 	 264 	 252 	 79 
1728 	 405 	 264 	 252 	 79 
1729 	 405 	 264 	 252 	 79 
1730 	 405 	 264 	 252 	 79 
1731 	 405 	 264 	 252 	 79 
1732 	 405 	 264 	 252 	 79 
1733 	 405 	 264 	 252 	 79 
1734 	 405 	 264 	 249 	 82 
1735 	 405 	 264 	 248 	 83 
1736 	 405 	 267 	 249 	 79 
1737 	 410 	 265 	 248 	 77 
1738 	 410 	 265 	 245 	 80 
1739 	 410 	 267 	 246 	 77 
1740 	 411 	 268 	 247 	 74 
1741 	 411 	 268 	 247 	 74 
1742 	 411 	 269 	 245 	 75 
1743 	 412 	 270 	 245 	 73 
1744 	 412 	 270 	 245 	 73 
1745 	 412 	 270 	 245 	 73 
1746 	 412 	 270 	 245 	 73 
1747 	 412 	 269 	 245 	 74 
1748 	 412 	 269 	 246 	 73 
1749 	 412 	 272 	 245 	 71 
1750 	 414 	 268 	 243 	 75 
1751 	 414 	 268 	 243 	 75 
1752 	 414 	 268 	 243 	 75 
1753 	 414 	 268 	 243 	 75 
1754 	 414 	 268 	 243 	 75 
1755 	 414 	 268 	 243 	 75 
1756 	 414 	 268 	 243 	 75 
1757 	 414 	 268 	 243 	 75 
1758 	 414 	 268 	 243 	 75 
1759 	 414 	 268 	 243 	 75 
1760 	 414 	 268 	 243 	 75 
1761 	 414 	 268 	 243 	 75 
1762 	 414 	 268 	 243 	 75 
1763 	 414 	 268 	 243 	 75 
1764 	 414 	 268 	 243 	 75 
1765 	 414 	 268 	 243 	 75 
1766 	 414 	 268 	 243 	 75 
1767 	 414 	 268 	 243 	 75 
1768 	 414 	 268 	 243 	 75 
1769 	 414 	 268 	 243 	 75 
1770 	 414 	 268 	 243 	 75 
1771 	 414 	 268 	 243 	 75 
1772 	 414 	 268 	 243 	 75 
1773 	 414 	 268 	 243 	 75 
1774 	 414 	 268 	 243 	 75 
1775 	 414 	 268 	 243 	 75 
1776 	 414 	 268 	 243 	 75 
1777 	 414 	 268 	 243 	 75 
1778 	 414 	 268 	 243 	 75 
1779 	 414 	 268 	 243 	 75 
1780 	 414 	 268 	 243 	 75 
1781 	 414 	 268 	 243 	 75 
1782 	 414 	 269 	 242 	 75 
1783 	 414 	 271 	 243 	 72 
1784 	 415 	 269 	 242 	 74 
1785 	 415 	 269 	 242 	 74 
1786 	 415 	 269 	 242 	 74 
1787 	 415 	 268 	 242 	 75 
1788 	 415 	 271 	 243 	 71 
1789 	 417 	 265 	 240 	 78 
1790 	 417 	 266 	 240 	 77 
1791 	 417 	 267 	 242 	 74 
1792 	 417 	 268 	 246 	 69 
1793 	 419 	 268 	 241 	 72 
1794 	 420 	 264 	 242 	 74 
1795 	 420 	 264 	 242 	 74 
1796 	 420 	 264 	 242 	 74 
1797 	 420 	 264 	 242 	 74 
1798 	 420 	 264 	 242 	 74 
1799 	 420 	 264 	 242 	 74 
1800 	 420 	 264 	 241 	 75 
1801 	 420 	 265 	 241 	 74 
1802 	 420 	 265 	 243 	 72 
1803 	 421 	 266 	 242 	 71 
1804 	 421 	 265 	 242 	 72 
1805 	 421 	 265 	 242 	 72 
1806 	 421 	 265 	 242 	 72 
1807 	 424 	 261 	 239 	 76 
1808 	 424 	 261 	 239 	 76 
1809 	 424 	 261 	 239 	 76 
1810 	 424 	 261 	 239 	 76 
1811 	 424 	 261 	 239 	 76 
1812 	 424 	 261 	 239 	 76 
1813 	 424 	 261 	 239 	 76 
1814 	 424 	 261 	 239 	 76 
1815 	 424 	 261 	 239 	 76 
1816 	 424 	 261 	 239 	 76 
1817 	 424 	 261 	 239 	 76 
1818 	 424 	 262 	 240 	 74 
1819 	 424 	 258 	 245 	 73 
1820 	 427 	 257 	 241 	 75 
1821 	 427 	 257 	 241 	 75 
1822 	 427 	 257 	 241 	 75 
1823 	 427 	 257 	 241 	 75 
1824 	 427 	 257 	 241 	 75 
1825 	 427 	 257 	 241 	 75 
1826 	 427 	 257 	 241 	 75 
1827 	 427 	 257 	 241 	 75 
1828 	 427 	 257 	 241 	 75 
1829 	 427 	 257 	 241 	 75 
1830 	 427 	 257 	 241 	 75 
1831 	 427 	 258 	 241 	 74 
1832 	 427 	 258 	 241 	 74 
1833 	 429 	 260 	 243 	 68 
1834 	 429 	 261 	 244 	 66 
1835 	 429 	 263 	 243 	 65 
1836 	 430 	 263 	 239 	 68 
1837 	 430 	 263 	 239 	 68 
1838 	 430 	 263 	 239 	 68 
1839 	 430 	 263 	 240 	 67 
1840 	 430 	 264 	 241 	 65 
1841 	 430 	 265 	 239 	 66 
1842 	 433 	 256 	 241 	 70 
1843 	 433 	 256 	 241 	 70 
1844 	 433 	 256 	 241 	 70 
1845 	 433 	 255 	 241 	 71 
1846 	 433 	 252 	 241 	 74 
1847 	 437 	 250 	 240 	 73 
1848 	 437 	 250 	 240 	 73 
1849 	 437 	 250 	 240 	 73 
1850 	 437 	 250 	 240 	 73 
1851 	 437 	 250 	 240 	 73 
1852 	 437 	 250 	 240 	 73 
1853 	 437 	 250 	 240 	 73 
1854 	 437 	 250 	 240 	 73 
1855 	 437 	 250 	 240 	 73 
1856 	 437 	 250 	 240 	 73 
1857 	 437 	 250 	 240 	 73 
1858 	 437 	 250 	 240 	 73 
1859 	 437 	 250 	 240 	 73 
1860 	 437 	 250 	 240 	 73 
1861 	 437 	 250 	 240 	 73 
1862 	 437 	 250 	 240 	 73 
1863 	 437 	 250 	 240 	 73 
1864 	 437 	 250 	 240 	 73 
1865 	 437 	 249 	 241 	 73 
1866 	 439 	 253 	 238 	 70 
1867 	 444 	 247 	 241 	 68 
1868 	 444 	 249 	 241 	 66 
1869 	 444 	 251 	 246 	 59 
1870 	 445 	 252 	 246 	 57 
1871 	 446 	 248 	 244 	 62 
1872 	 446 	 248 	 244 	 62 
1873 	 446 	 248 	 244 	 62 
1874 	 446 	 248 	 244 	 62 
1875 	 446 	 248 	 244 	 62 
1876 	 446 	 248 	 244 	 62 
1877 	 446 	 248 	 244 	 62 
1878 	 446 	 250 	 244 	 60 
1879 	 449 	 249 	 240 	 62 
1880 	 449 	 249 	 240 	 62 
1881 	 449 	 249 	 240 	 62 
1882 	 449 	 249 	 240 	 62 
1883 	 449 	 249 	 240 	 62 
1884 	 449 	 249 	 240 	 62 
1885 	 449 	 249 	 240 	 62 
1886 	 449 	 249 	 240 	 62 
1887 	 449 	 249 	 240 	 62 
1888 	 449 	 250 	 240 	 61 
1889 	 449 	 250 	 240 	 61 
1890 	 449 	 248 	 241 	 62 
1891 	 451 	 246 	 240 	 63 
1892 	 451 	 246 	 240 	 63 
1893 	 451 	 246 	 240 	 63 
1894 	 451 	 246 	 240 	 63 
1895 	 451 	 246 	 240 	 63 
1896 	 451 	 247 	 240 	 62 
1897 	 453 	 247 	 235 	 65 
1898 	 453 	 247 	 235 	 65 
1899 	 453 	 247 	 235 	 65 
1900 	 453 	 247 	 235 	 65 
1901 	 453 	 248 	 234 	 65 
1902 	 453 	 248 	 236 	 63 
1903 	 454 	 249 	 234 	 63 
1904 	 454 	 249 	 234 	 63 
1905 	 454 	 249 	 234 	 63 
1906 	 454 	 249 	 234 	 63 
1907 	 454 	 249 	 234 	 63 
1908 	 454 	 249 	 234 	 63 
1909 	 454 	 249 	 234 	 63 
1910 	 454 	 249 	 234 	 63 
1911 	 454 	 249 	 234 	 63 
1912 	 454 	 249 	 234 	 63 
1913 	 454 	 249 	 234 	 63 
1914 	 454 	 249 	 234 	 63 
1915 	 454 	 249 	 234 	 63 
1916 	 454 	 249 	 234 	 63 
1917 	 454 	 249 	 234 	 63 
1918 	 454 	 249 	 234 	 63 
1919 	 454 	 249 	 234 	 63 
1920 	 454 	 249 	 234 	 63 
1921 	 454 	 249 	 234 	 63 
1922 	 454 	 249 	 234 	 63 
1923 	 454 	 248 	 234 	 64 
1924 	 454 	 241 	 236 	 69 
1925 	 457 	 239 	 231 	 73 
1926 	 457 	 239 	 231 	 73 
1927 	 457 	 239 	 231 	 73 
1928 	 457 	 239 	 231 	 73 
1929 	 457 	 239 	 231 	 73 
1930 	 457 	 239 	 231 	 73 
1931 	 457 	 239 	 231 	 73 
1932 	 457 	 239 	 231 	 73 
1933 	 457 	 239 	 231 	 73 
1934 	 457 	 239 	 231 	 73 
1935 	 457 	 239 	 232 	 72 
1936 	 457 	 241 	 233 	 69 
1937 	 458 	 238 	 226 	 78 
1938 	 458 	 238 	 226 	 78 
1939 	 458 	 238 	 226 	 78 
1940 	 458 	 238 	 226 	 78 
1941 	 458 	 238 	 226 	 78 
1942 	 458 	 238 	 226 	 78 
1943 	 458 	 238 	 226 	 78 
1944 	 458 	 238 	 226 	 78 
1945 	 458 	 238 	 226 	 78 
1946 	 458 	 238 	 226 	 78 
1947 	 458 	 238 	 226 	 78 
1948 	 458 	 238 	 226 	 78 
1949 	 458 	 238 	 226 	 78 
1950 	 458 	 238 	 226 	 78 
1951 	 458 	 238 	 227 	 77 
1952 	 459 	 237 	 227 	 77 
1953 	 459 	 237 	 227 	 77 
1954 	 459 	 237 	 227 	 77 
1955 	 459 	 237 	 227 	 77 
1956 	 459 	 237 	 227 	 77 
1957 	 459 	 237 	 227 	 77 
1958 	 459 	 237 	 227 	 77 
1959 	 459 	 237 	 228 	 76 
1960 	 462 	 233 	 227 	 78 
1961 	 462 	 233 	 227 	 78 
1962 	 462 	 233 	 227 	 78 
1963 	 462 	 233 	 227 	 78 
1964 	 462 	 233 	 227 	 78 
1965 	 462 	 234 	 228 	 76 
1966 	 462 	 234 	 228 	 76 
1967 	 462 	 237 	 230 	 71 
1968 	 464 	 238 	 226 	 72 
1969 	 464 	 238 	 226 	 72 
1970 	 464 	 238 	 226 	 72 
1971 	 464 	 238 	 226 	 72 
1972 	 464 	 238 	 226 	 72 
1973 	 464 	 238 	 226 	 72 
1974 	 464 	 238 	 226 	 72 
1975 	 464 	 238 	 226 	 72 
1976 	 464 	 238 	 226 	 72 
1977 	 464 	 238 	 225 	 73 
1978 	 464 	 238 	 227 	 71 
1979 	 464 	 240 	 223 	 73 
1980 	 465 	 240 	 222 	 73 
1981 	 465 	 240 	 222 	 73 
1982 	 465 	 240 	 222 	 73 
1983 	 465 	 240 	 222 	 73 
1984 	 465 	 240 	 222 	 73 
1985 	 465 	 240 	 222 	 73 
1986 	 465 	 240 	 222 	 73 
1987 	 465 	 240 	 222 	 73 
1988 	 465 	 240 	 222 	 73 
1989 	 465 	 238 	 221 	 76 
1990 	 465 	 238 	 221 	 76 
1991 	 465 	 234 	 224 	 77 
1992 	 466 	 233 	 222 	 79 
1993 	 466 	 233 	 222 	 79 
1994 	 466 	 233 	 222 	 79 
1995 	 466 	 233 	 222 	 79 
1996 	 466 	 233 	 222 	 79 
1997 	 466 	 233 	 222 	 79 
1998 	 466 	 233 	 222 	 79 
1999 	 466 	 233 	 222 	 79 
2000 	 466 	 233 	 222 	 79 
2001 	 466 	 232 	 223 	 79 
2002 	 466 	 232 	 223 	 79 
2003 	 466 	 230 	 217 	 87 
2004 	 469 	 230 	 212 	 89 
2005 	 469 	 230 	 212 	 89 
2006 	 469 	 230 	 212 	 89 
2007 	 469 	 230 	 212 	 89 
2008 	 469 	 230 	 212 	 89 
2009 	 469 	 230 	 213 	 88 
2010 	 469 	 232 	 215 	 84 
2011 	 469 	 236 	 212 	 83 
2012 	 472 	 234 	 213 	 81 
2013 	 472 	 234 	 213 	 81 
2014 	 472 	 234 	 213 	 81 
2015 	 472 	 234 	 213 	 81 
2016 	 472 	 234 	 213 	 81 
2017 	 472 	 234 	 213 	 81 
2018 	 472 	 234 	 213 	 81 
2019 	 472 	 234 	 213 	 81 
2020 	 472 	 234 	 214 	 80 
2021 	 472 	 234 	 212 	 82 
2022 	 472 	 237 	 210 	 81 
2023 	 475 	 231 	 210 	 84 
2024 	 475 	 231 	 210 	 84 
2025 	 475 	 231 	 210 	 84 
2026 	 475 	 231 	 210 	 84 
2027 	 475 	 231 	 210 	 84 
2028 	 475 	 231 	 210 	 84 
2029 	 475 	 231 	 210 	 84 
2030 	 475 	 231 	 210 	 84 
2031 	 475 	 231 	 210 	 84 
2032 	 475 	 231 	 210 	 84 
2033 	 475 	 231 	 210 	 84 
2034 	 475 	 231 	 210 	 84 
2035 	 475 	 231 	 210 	 84 
2036 	 475 	 231 	 210 	 84 
2037 	 475 	 231 	 210 	 84 
2038 	 475 	 231 	 210 	 84 
2039 	 475 	 231 	 210 	 84 
2040 	 475 	 231 	 210 	 84 
2041 	 475 	 231 	 210 	 84 
2042 	 475 	 231 	 210 	 84 
2043 	 475 	 232 	 209 	 84 
2044 	 475 	 232 	 209 	 84 
2045 	 476 	 234 	 207 	 83 
2046 	 476 	 234 	 207 	 83 
2047 	 476 	 234 	 207 	 83 
2048 	 476 	 234 	 207 	 83 
2049 	 476 	 234 	 207 	 83 
2050 	 476 	 232 	 207 	 85 
2051 	 478 	 228 	 202 	 92 
2052 	 480 	 228 	 201 	 91 
2053 	 480 	 228 	 201 	 91 
2054 	 480 	 225 	 200 	 95 
2055 	 480 	 220 	 201 	 99 
2056 	 481 	 221 	 201 	 97 
2057 	 481 	 221 	 201 	 97 
2058 	 481 	 221 	 201 	 97 
2059 	 481 	 221 	 201 	 97 
2060 	 481 	 221 	 201 	 97 
2061 	 481 	 221 	 201 	 97 
2062 	 481 	 221 	 201 	 97 
2063 	 481 	 221 	 201 	 97 
2064 	 481 	 221 	 201 	 97 
2065 	 481 	 221 	 201 	 97 
2066 	 481 	 221 	 201 	 97 
2067 	 481 	 221 	 201 	 97 
2068 	 481 	 221 	 201 	 97 
2069 	 481 	 221 	 201 	 97 
2070 	 481 	 221 	 201 	 97 
2071 	 481 	 221 	 201 	 97 
2072 	 481 	 221 	 201 	 97 
2073 	 481 	 223 	 203 	 93 
2074 	 481 	 226 	 204 	 89 
2075 	 482 	 223 	 204 	 91 
2076 	 482 	 223 	 204 	 91 
2077 	 482 	 223 	 204 	 91 
2078 	 482 	 224 	 204 	 90 
2079 	 482 	 225 	 204 	 89 
2080 	 482 	 226 	 212 	 80 
2081 	 484 	 224 	 210 	 82 
2082 	 484 	 224 	 210 	 82 
2083 	 484 	 224 	 210 	 82 
2084 	 484 	 224 	 210 	 82 
2085 	 484 	 223 	 210 	 83 
2086 	 484 	 222 	 212 	 82 
2087 	 485 	 218 	 208 	 89 
2088 	 485 	 219 	 211 	 85 
2089 	 485 	 221 	 210 	 84 
2090 	 485 	 224 	 207 	 84 
2091 	 486 	 223 	 209 	 82 
2092 	 486 	 223 	 209 	 82 
2093 	 486 	 223 	 209 	 82 
2094 	 486 	 223 	 209 	 82 
2095 	 486 	 223 	 209 	 82 
2096 	 486 	 223 	 209 	 82 
2097 	 486 	 223 	 209 	 82 
2098 	 486 	 223 	 209 	 82 
2099 	 486 	 223 	 209 	 82 
2100 	 486 	 223 	 209 	 82 
2101 	 486 	 223 	 209 	 82 
2102 	 486 	 224 	 208 	 82 
2103 	 486 	 224 	 210 	 80 
2104 	 486 	 223 	 211 	 80 
2105 	 488 	 226 	 215 	 71 
2106 	 488 	 225 	 215 	 72 
2107 	 488 	 225 	 215 	 72 
2108 	 488 	 225 	 215 	 72 
2109 	 488 	 225 	 215 	 72 
2110 	 491 	 223 	 210 	 76 
2111 	 491 	 224 	 209 	 76 
2112 	 491 	 224 	 208 	 77 
2113 	 491 	 220 	 206 	 83 
2114 	 492 	 219 	 204 	 85 
2115 	 492 	 219 	 204 	 85 
2116 	 492 	 219 	 204 	 85 
2117 	 492 	 219 	 204 	 85 
2118 	 492 	 219 	 204 	 85 
2119 	 492 	 219 	 204 	 85 
2120 	 492 	 219 	 204 	 85 
2121 	 492 	 219 	 205 	 84 
2122 	 492 	 223 	 204 	 81 
2123 	 493 	 223 	 196 	 88 
2124 	 493 	 223 	 196 	 88 
2125 	 493 	 223 	 196 	 88 
2126 	 493 	 225 	 196 	 86 
2127 	 493 	 223 	 194 	 90 
2128 	 496 	 214 	 194 	 96 
2129 	 496 	 214 	 194 	 96 
2130 	 496 	 214 	 194 	 96 
2131 	 496 	 214 	 194 	 96 
2132 	 496 	 214 	 194 	 96 
2133 	 496 	 214 	 194 	 96 
2134 	 496 	 214 	 194 	 96 
2135 	 496 	 214 	 194 	 96 
2136 	 496 	 214 	 194 	 96 
2137 	 496 	 214 	 194 	 96 
2138 	 496 	 214 	 194 	 96 
2139 	 496 	 216 	 194 	 94 
2140 	 496 	 218 	 196 	 90 
2141 	 497 	 218 	 199 	 86 
2142 	 497 	 218 	 199 	 86 
2143 	 497 	 218 	 199 	 86 
2144 	 497 	 218 	 199 	 86 
2145 	 497 	 218 	 199 	 86 
2146 	 497 	 218 	 199 	 86 
2147 	 497 	 220 	 199 	 84 
2148 	 497 	 221 	 200 	 82 
2149 	 497 	 219 	 200 	 84 
2150 	 498 	 218 	 199 	 85 
2151 	 498 	 218 	 199 	 85 
2152 	 498 	 218 	 199 	 85 
2153 	 498 	 218 	 199 	 85 
2154 	 498 	 218 	 199 	 85 
2155 	 498 	 218 	 199 	 85 
2156 	 498 	 218 	 199 	 85 
2157 	 498 	 218 	 199 	 85 
2158 	 498 	 218 	 199 	 85 
2159 	 498 	 218 	 199 	 85 
2160 	 498 	 218 	 199 	 85 
2161 	 498 	 218 	 199 	 85 
2162 	 498 	 218 	 199 	 85 
2163 	 498 	 218 	 199 	 85 
2164 	 498 	 218 	 199 	 85 
2165 	 498 	 218 	 199 	 85 
2166 	 498 	 218 	 199 	 85 
2167 	 498 	 218 	 199 	 85 
2168 	 498 	 218 	 199 	 85 
2169 	 498 	 218 	 199 	 85 
2170 	 498 	 218 	 199 	 85 
2171 	 498 	 218 	 199 	 85 
2172 	 498 	 218 	 199 	 85 
2173 	 498 	 218 	 199 	 85 
2174 	 498 	 218 	 199 	 85 
2175 	 498 	 218 	 199 	 85 
2176 	 498 	 218 	 199 	 85 
2177 	 498 	 218 	 199 	 85 
2178 	 498 	 218 	 199 	 85 
2179 	 498 	 220 	 199 	 83 
2180 	 498 	 220 	 200 	 82 
2181 	 498 	 219 	 202 	 81 
2182 	 501 	 218 	 200 	 81 
2183 	 501 	 216 	 200 	 83 
2184 	 504 	 213 	 202 	 81 
2185 	 504 	 214 	 202 	 80 
2186 	 505 	 213 	 203 	 79 
2187 	 505 	 213 	 203 	 79 
2188 	 505 	 213 	 203 	 79 
2189 	 505 	 213 	 203 	 79 
2190 	 505 	 213 	 203 	 79 
2191 	 505 	 213 	 203 	 79 
2192 	 505 	 213 	 203 	 79 
2193 	 505 	 213 	 203 	 79 
2194 	 505 	 213 	 203 	 79 
2195 	 505 	 213 	 203 	 79 
2196 	 505 	 213 	 203 	 79 
2197 	 505 	 213 	 203 	 79 
2198 	 505 	 213 	 203 	 79 
2199 	 505 	 213 	 203 	 79 
2200 	 505 	 213 	 203 	 79 
2201 	 505 	 213 	 203 	 79 
2202 	 505 	 213 	 203 	 79 
2203 	 505 	 213 	 203 	 79 
2204 	 505 	 213 	 203 	 79 
2205 	 505 	 213 	 203 	 79 
2206 	 505 	 213 	 203 	 79 
2207 	 505 	 213 	 203 	 79 
2208 	 505 	 213 	 203 	 79 
2209 	 505 	 213 	 203 	 79 
2210 	 505 	 213 	 203 	 79 
2211 	 505 	 215 	 201 	 79 
2212 	 505 	 216 	 202 	 77 
2213 	 508 	 214 	 203 	 75 
2214 	 508 	 214 	 203 	 75 
2215 	 508 	 214 	 203 	 75 
2216 	 508 	 214 	 203 	 75 
2217 	 508 	 214 	 203 	 75 
2218 	 508 	 214 	 203 	 75 
2219 	 508 	 214 	 203 	 75 
2220 	 508 	 214 	 203 	 75 
2221 	 508 	 214 	 202 	 76 
2222 	 508 	 214 	 200 	 78 
2223 	 508 	 214 	 205 	 73 
2224 	 509 	 211 	 204 	 76 
2225 	 511 	 208 	 203 	 78 
2226 	 511 	 208 	 203 	 78 
2227 	 511 	 208 	 203 	 78 
2228 	 511 	 208 	 203 	 78 
2229 	 511 	 208 	 203 	 78 
2230 	 511 	 208 	 203 	 78 
2231 	 511 	 208 	 203 	 78 
2232 	 511 	 208 	 203 	 78 
2233 	 511 	 208 	 203 	 78 
2234 	 511 	 208 	 203 	 78 
2235 	 511 	 208 	 203 	 78 
2236 	 511 	 208 	 203 	 78 
2237 	 511 	 208 	 203 	 78 
2238 	 511 	 208 	 203 	 78 
2239 	 511 	 208 	 203 	 78 
2240 	 511 	 208 	 203 	 78 
2241 	 511 	 208 	 203 	 78 
2242 	 511 	 208 	 203 	 78 
2243 	 511 	 208 	 203 	 78 
2244 	 511 	 208 	 203 	 78 
2245 	 511 	 208 	 203 	 78 
2246 	 511 	 208 	 203 	 78 
2247 	 511 	 208 	 203 	 78 
2248 	 511 	 208 	 203 	 78 
2249 	 511 	 208 	 203 	 78 
2250 	 511 	 210 	 205 	 74 
2251 	 511 	 209 	 205 	 75 
2252 	 512 	 207 	 202 	 79 
2253 	 513 	 207 	 207 	 73 
2254 	 520 	 202 	 201 	 77 
2255 	 520 	 202 	 201 	 77 
2256 	 520 	 202 	 201 	 77 
2257 	 520 	 202 	 201 	 77 
2258 	 520 	 202 	 201 	 77 
2259 	 520 	 202 	 201 	 77 
2260 	 520 	 202 	 201 	 77 
2261 	 520 	 202 	 201 	 77 
2262 	 520 	 202 	 201 	 77 
2263 	 520 	 202 	 201 	 77 
2264 	 520 	 202 	 201 	 77 
2265 	 520 	 202 	 201 	 77 
2266 	 520 	 202 	 201 	 77 
2267 	 520 	 202 	 201 	 77 
2268 	 520 	 202 	 201 	 77 
2269 	 520 	 202 	 201 	 77 
2270 	 520 	 202 	 201 	 77 
2271 	 520 	 202 	 201 	 77 
2272 	 520 	 202 	 201 	 77 
2273 	 520 	 202 	 201 	 77 
2274 	 520 	 202 	 201 	 77 
2275 	 520 	 201 	 201 	 78 
2276 	 520 	 202 	 204 	 74 
2277 	 520 	 202 	 205 	 73 
2278 	 521 	 206 	 203 	 70 
2279 	 521 	 206 	 203 	 70 
2280 	 521 	 206 	 203 	 70 
2281 	 521 	 206 	 203 	 70 
2282 	 521 	 206 	 203 	 70 
2283 	 521 	 206 	 203 	 70 
2284 	 521 	 206 	 203 	 70 
2285 	 521 	 206 	 203 	 70 
2286 	 521 	 206 	 203 	 70 
2287 	 521 	 206 	 203 	 70 
2288 	 521 	 206 	 203 	 70 
2289 	 521 	 206 	 203 	 70 
2290 	 521 	 206 	 203 	 70 
2291 	 521 	 206 	 203 	 70 
2292 	 521 	 206 	 203 	 70 
2293 	 521 	 206 	 203 	 70 
2294 	 521 	 206 	 203 	 70 
2295 	 521 	 206 	 203 	 70 
2296 	 521 	 206 	 203 	 70 
2297 	 521 	 206 	 203 	 70 
2298 	 521 	 206 	 203 	 70 
2299 	 521 	 206 	 203 	 70 
2300 	 521 	 209 	 202 	 68 
2301 	 523 	 209 	 201 	 67 
2302 	 525 	 208 	 203 	 64 
2303 	 528 	 207 	 203 	 62 
2304 	 528 	 207 	 203 	 62 
2305 	 528 	 207 	 203 	 62 
2306 	 528 	 207 	 203 	 62 
2307 	 528 	 207 	 203 	 62 
2308 	 528 	 207 	 203 	 62 
2309 	 528 	 207 	 203 	 62 
2310 	 528 	 207 	 203 	 62 
2311 	 528 	 207 	 203 	 62 
2312 	 528 	 207 	 203 	 62 
2313 	 528 	 207 	 203 	 62 
2314 	 528 	 207 	 203 	 62 
2315 	 528 	 207 	 203 	 62 
2316 	 528 	 207 	 203 	 62 
2317 	 528 	 207 	 203 	 62 
2318 	 528 	 207 	 203 	 62 
2319 	 528 	 207 	 203 	 62 
2320 	 528 	 207 	 203 	 62 
2321 	 528 	 207 	 203 	 62 
2322 	 528 	 206 	 202 	 64 
2323 	 528 	 207 	 202 	 63 
2324 	 530 	 203 	 200 	 67 
2325 	 530 	 203 	 200 	 67 
2326 	 530 	 203 	 200 	 67 
2327 	 530 	 203 	 200 	 67 
2328 	 530 	 203 	 200 	 67 
2329 	 530 	 203 	 200 	 67 
2330 	 530 	 203 	 200 	 67 
2331 	 530 	 203 	 200 	 67 
2332 	 530 	 203 	 200 	 67 
2333 	 530 	 203 	 200 	 67 
2334 	 530 	 203 	 200 	 67 
2335 	 530 	 203 	 200 	 67 
2336 	 530 	 204 	 201 	 65 
2337 	 530 	 205 	 201 	 64 
2338 	 531 	 205 	 201 	 63 
2339 	 533 	 207 	 201 	 59 
2340 	 533 	 207 	 201 	 59 
2341 	 533 	 207 	 201 	 59 
2342 	 533 	 207 	 201 	 59 
2343 	 533 	 207 	 201 	 59 
2344 	 533 	 207 	 201 	 59 
2345 	 533 	 207 	 201 	 59 
2346 	 533 	 207 	 201 	 59 
2347 	 533 	 207 	 201 	 59 
2348 	 533 	 207 	 201 	 59 
2349 	 533 	 207 	 201 	 59 
2350 	 533 	 207 	 201 	 59 
2351 	 533 	 208 	 201 	 58 
2352 	 533 	 204 	 202 	 61 
2353 	 534 	 204 	 199 	 63 
2354 	 534 	 204 	 199 	 63 
2355 	 534 	 205 	 199 	 62 
2356 	 534 	 204 	 200 	 62 
2357 	 536 	 204 	 199 	 61 
2358 	 536 	 204 	 199 	 61 
2359 	 536 	 204 	 199 	 61 
2360 	 536 	 204 	 199 	 61 
2361 	 536 	 204 	 199 	 61 
2362 	 536 	 204 	 199 	 61 
2363 	 536 	 204 	 199 	 61 
2364 	 536 	 204 	 199 	 61 
2365 	 536 	 204 	 199 	 61 
2366 	 536 	 204 	 199 	 61 
2367 	 536 	 204 	 199 	 61 
2368 	 536 	 204 	 199 	 61 
2369 	 536 	 204 	 199 	 61 
2370 	 536 	 204 	 199 	 61 
2371 	 536 	 204 	 199 	 61 
2372 	 536 	 204 	 199 	 61 
2373 	 536 	 204 	 199 	 61 
2374 	 536 	 204 	 199 	 61 
2375 	 536 	 204 	 198 	 62 
2376 	 536 	 205 	 199 	 60 
2377 	 536 	 201 	 195 	 68 
2378 	 537 	 200 	 197 	 66 
2379 	 537 	 200 	 197 	 66 
2380 	 537 	 200 	 197 	 66 
2381 	 537 	 200 	 197 	 66 
2382 	 537 	 200 	 197 	 66 
2383 	 537 	 200 	 197 	 66 
2384 	 537 	 200 	 197 	 66 
2385 	 537 	 200 	 197 	 66 
2386 	 537 	 200 	 197 	 66 
2387 	 537 	 200 	 197 	 66 
2388 	 537 	 200 	 197 	 66 
2389 	 537 	 200 	 197 	 66 
2390 	 537 	 200 	 197 	 66 
2391 	 537 	 200 	 197 	 66 
2392 	 537 	 200 	 197 	 66 
2393 	 537 	 200 	 197 	 66 
2394 	 537 	 200 	 197 	 66 
2395 	 537 	 200 	 197 	 66 
2396 	 537 	 200 	 197 	 66 
2397 	 537 	 200 	 197 	 66 
2398 	 537 	 200 	 197 	 66 
2399 	 537 	 200 	 197 	 66 
2400 	 537 	 200 	 197 	 66 
2401 	 537 	 200 	 197 	 66 
2402 	 537 	 200 	 197 	 66 
2403 	 537 	 200 	 197 	 66 
2404 	 537 	 200 	 197 	 66 
2405 	 537 	 203 	 198 	 62 
2406 	 537 	 203 	 195 	 65 
2407 	 538 	 201 	 195 	 66 
2408 	 538 	 201 	 195 	 66 
2409 	 538 	 201 	 195 	 66 
2410 	 538 	 201 	 195 	 66 
2411 	 538 	 201 	 195 	 66 
2412 	 538 	 201 	 195 	 66 
2413 	 538 	 201 	 195 	 66 
2414 	 538 	 204 	 194 	 64 
2415 	 538 	 202 	 192 	 68 
2416 	 540 	 201 	 193 	 66 
2417 	 540 	 201 	 193 	 66 
2418 	 540 	 201 	 193 	 66 
2419 	 540 	 201 	 193 	 66 
2420 	 540 	 201 	 193 	 66 
2421 	 540 	 201 	 191 	 68 
2422 	 540 	 201 	 191 	 68 
2423 	 540 	 201 	 191 	 68 
2424 	 541 	 201 	 191 	 67 
2425 	 541 	 201 	 191 	 67 
2426 	 541 	 201 	 191 	 67 
2427 	 541 	 201 	 191 	 67 
2428 	 541 	 201 	 191 	 67 
2429 	 541 	 201 	 191 	 67 
2430 	 541 	 201 	 191 	 67 
2431 	 541 	 201 	 191 	 67 
2432 	 541 	 201 	 191 	 67 
2433 	 541 	 199 	 191 	 69 
2434 	 541 	 200 	 196 	 63 
2435 	 543 	 195 	 200 	 62 
2436 	 543 	 195 	 200 	 62 
2437 	 543 	 195 	 200 	 62 
2438 	 543 	 195 	 200 	 62 
2439 	 543 	 195 	 200 	 62 
2440 	 543 	 195 	 200 	 62 
2441 	 543 	 195 	 200 	 62 
2442 	 543 	 195 	 200 	 62 
2443 	 543 	 195 	 200 	 62 
2444 	 543 	 195 	 200 	 62 
2445 	 543 	 195 	 200 	 62 
2446 	 543 	 195 	 200 	 62 
2447 	 543 	 195 	 200 	 62 
2448 	 543 	 195 	 203 	 59 
2449 	 544 	 195 	 202 	 59 
2450 	 544 	 195 	 202 	 59 
2451 	 544 	 195 	 202 	 59 
2452 	 544 	 195 	 202 	 59 
2453 	 544 	 195 	 202 	 59 
2454 	 544 	 195 	 202 	 59 
2455 	 544 	 195 	 201 	 60 
2456 	 544 	 197 	 202 	 57 
2457 	 544 	 200 	 200 	 56 
2458 	 545 	 200 	 198 	 57 
2459 	 545 	 200 	 198 	 57 
2460 	 545 	 200 	 198 	 57 
2461 	 545 	 200 	 198 	 57 
2462 	 545 	 200 	 198 	 57 
2463 	 545 	 200 	 198 	 57 
2464 	 545 	 200 	 198 	 57 
2465 	 545 	 200 	 198 	 57 
2466 	 545 	 200 	 198 	 57 
2467 	 545 	 200 	 198 	 57 
2468 	 545 	 200 	 198 	 57 
2469 	 545 	 200 	 198 	 57 
2470 	 545 	 200 	 198 	 57 
2471 	 545 	 200 	 198 	 57 
2472 	 545 	 200 	 198 	 57 
2473 	 545 	 200 	 198 	 57 
2474 	 545 	 200 	 198 	 57 
2475 	 545 	 200 	 198 	 57 
2476 	 545 	 200 	 198 	 57 
2477 	 545 	 200 	 198 	 57 
2478 	 545 	 200 	 198 	 57 
2479 	 545 	 200 	 198 	 57 
2480 	 545 	 200 	 198 	 57 
2481 	 545 	 200 	 198 	 57 
2482 	 545 	 200 	 198 	 57 
2483 	 545 	 200 	 198 	 57 
2484 	 545 	 200 	 198 	 57 
2485 	 545 	 200 	 198 	 57 
2486 	 545 	 200 	 198 	 57 
2487 	 545 	 200 	 198 	 57 
2488 	 545 	 200 	 199 	 56 
2489 	 545 	 201 	 201 	 53 
2490 	 545 	 200 	 199 	 56 
2491 	 550 	 196 	 195 	 59 
2492 	 550 	 196 	 195 	 59 
2493 	 550 	 196 	 195 	 59 
2494 	 550 	 196 	 195 	 59 
2495 	 550 	 196 	 195 	 59 
2496 	 550 	 196 	 196 	 58 
2497 	 550 	 194 	 196 	 60 
2498 	 550 	 197 	 197 	 56 
2499 	 551 	 195 	 195 	 59 
2500 	 551 	 195 	 195 	 59 
2501 	 551 	 196 	 195 	 58 
2502 	 551 	 196 	 196 	 57 
2503 	 551 	 195 	 196 	 58 
2504 	 552 	 195 	 196 	 57 
2505 	 552 	 195 	 196 	 57 
2506 	 552 	 195 	 196 	 57 
2507 	 552 	 195 	 196 	 57 
2508 	 552 	 195 	 196 	 57 
2509 	 552 	 195 	 196 	 57 
2510 	 552 	 195 	 196 	 57 
2511 	 552 	 195 	 196 	 57 
2512 	 552 	 195 	 196 	 57 
2513 	 552 	 195 	 196 	 57 
2514 	 552 	 195 	 196 	 57 
2515 	 552 	 195 	 196 	 57 
2516 	 552 	 195 	 196 	 57 
2517 	 552 	 195 	 196 	 57 
2518 	 552 	 195 	 196 	 57 
2519 	 552 	 195 	 197 	 56 
2520 	 552 	 195 	 196 	 57 
2521 	 552 	 196 	 195 	 57 
2522 	 553 	 196 	 196 	 55 
2523 	 553 	 196 	 196 	 55 
2524 	 553 	 196 	 196 	 55 
2525 	 553 	 196 	 196 	 55 
2526 	 553 	 196 	 196 	 55 
2527 	 553 	 196 	 196 	 55 
2528 	 553 	 196 	 196 	 55 
2529 	 553 	 196 	 196 	 55 
2530 	 553 	 196 	 196 	 55 
2531 	 553 	 196 	 196 	 55 
2532 	 553 	 196 	 196 	 55 
2533 	 553 	 196 	 196 	 55 
2534 	 553 	 196 	 196 	 55 
2535 	 553 	 196 	 196 	 55 
2536 	 553 	 196 	 196 	 55 
2537 	 553 	 196 	 196 	 55 
2538 	 553 	 196 	 196 	 55 
2539 	 553 	 196 	 196 	 55 
2540 	 553 	 196 	 196 	 55 
2541 	 553 	 196 	 196 	 55 
2542 	 553 	 196 	 196 	 55 
2543 	 553 	 196 	 196 	 55 
2544 	 553 	 196 	 196 	 55 
2545 	 553 	 196 	 196 	 55 
2546 	 553 	 196 	 196 	 55 
2547 	 553 	 196 	 196 	 55 
2548 	 553 	 196 	 196 	 55 
2549 	 553 	 196 	 196 	 55 
2550 	 553 	 196 	 196 	 55 
2551 	 553 	 196 	 196 	 55 
2552 	 553 	 196 	 196 	 55 
2553 	 553 	 196 	 196 	 55 
2554 	 553 	 196 	 196 	 55 
2555 	 553 	 196 	 196 	 55 
2556 	 553 	 196 	 196 	 55 
2557 	 553 	 196 	 196 	 55 
2558 	 553 	 196 	 196 	 55 
2559 	 553 	 196 	 196 	 55 
2560 	 553 	 197 	 196 	 54 
2561 	 553 	 197 	 193 	 57 
2562 	 555 	 196 	 192 	 57 
2563 	 555 	 196 	 192 	 57 
2564 	 555 	 196 	 192 	 57 
2565 	 555 	 196 	 192 	 57 
2566 	 555 	 196 	 192 	 57 
2567 	 555 	 196 	 193 	 56 
2568 	 555 	 198 	 192 	 55 
2569 	 556 	 201 	 192 	 51 
2570 	 556 	 199 	 193 	 52 
2571 	 556 	 199 	 193 	 52 
2572 	 557 	 197 	 190 	 56 
2573 	 557 	 197 	 191 	 55 
2574 	 557 	 194 	 191 	 58 
2575 	 559 	 192 	 191 	 58 
2576 	 559 	 192 	 191 	 58 
2577 	 559 	 192 	 191 	 58 
2578 	 559 	 192 	 191 	 58 
2579 	 559 	 194 	 190 	 57 
2580 	 559 	 195 	 192 	 54 
2581 	 564 	 197 	 183 	 56 
2582 	 564 	 197 	 183 	 56 
2583 	 564 	 197 	 183 	 56 
2584 	 564 	 197 	 183 	 56 
2585 	 564 	 197 	 183 	 56 
2586 	 564 	 197 	 183 	 56 
2587 	 564 	 197 	 183 	 56 
2588 	 564 	 197 	 183 	 56 
2589 	 564 	 197 	 183 	 56 
2590 	 564 	 197 	 183 	 56 
2591 	 564 	 197 	 183 	 56 
2592 	 564 	 197 	 183 	 56 
2593 	 564 	 197 	 183 	 56 
2594 	 564 	 197 	 183 	 56 
2595 	 564 	 197 	 183 	 56 
2596 	 564 	 197 	 183 	 56 
2597 	 564 	 197 	 183 	 56 
2598 	 564 	 197 	 183 	 56 
2599 	 564 	 197 	 183 	 56 
2600 	 564 	 197 	 183 	 56 
2601 	 564 	 197 	 183 	 56 
2602 	 564 	 197 	 183 	 56 
2603 	 564 	 197 	 183 	 56 
2604 	 564 	 197 	 183 	 56 
2605 	 564 	 197 	 183 	 56 
2606 	 564 	 197 	 183 	 56 
2607 	 564 	 197 	 183 	 56 
2608 	 564 	 197 	 183 	 56 
2609 	 564 	 197 	 183 	 56 
2610 	 564 	 197 	 184 	 55 
2611 	 564 	 198 	 185 	 53 
2612 	 564 	 191 	 187 	 58 
2613 	 567 	 187 	 185 	 61 
2614 	 567 	 187 	 185 	 61 
2615 	 567 	 187 	 185 	 61 
2616 	 567 	 187 	 185 	 61 
2617 	 567 	 187 	 185 	 61 
2618 	 567 	 186 	 186 	 61 
2619 	 567 	 188 	 186 	 59 
2620 	 567 	 189 	 187 	 57 
2621 	 568 	 190 	 182 	 60 
2622 	 568 	 190 	 182 	 60 
2623 	 568 	 190 	 182 	 60 
2624 	 568 	 190 	 182 	 60 
2625 	 568 	 190 	 182 	 60 
2626 	 568 	 190 	 182 	 60 
2627 	 568 	 190 	 182 	 60 
2628 	 568 	 190 	 182 	 60 
2629 	 568 	 190 	 182 	 60 
2630 	 568 	 190 	 182 	 60 
2631 	 568 	 190 	 182 	 60 
2632 	 568 	 190 	 182 	 60 
2633 	 568 	 190 	 182 	 60 
2634 	 568 	 190 	 182 	 60 
2635 	 568 	 190 	 182 	 60 
2636 	 568 	 190 	 182 	 60 
2637 	 568 	 190 	 182 	 60 
2638 	 568 	 190 	 182 	 60 
2639 	 568 	 190 	 182 	 60 
2640 	 568 	 190 	 182 	 60 
2641 	 568 	 190 	 182 	 60 
2642 	 568 	 190 	 182 	 60 
2643 	 568 	 190 	 182 	 60 
2644 	 568 	 190 	 182 	 60 
2645 	 568 	 189 	 183 	 60 
2646 	 568 	 189 	 183 	 60 
2647 	 568 	 188 	 184 	 60 
2648 	 568 	 188 	 188 	 56 
2649 	 570 	 187 	 191 	 52 
2650 	 570 	 186 	 191 	 53 
2651 	 571 	 188 	 191 	 50 
2652 	 571 	 188 	 191 	 50 
2653 	 571 	 188 	 191 	 50 
2654 	 571 	 188 	 191 	 50 
2655 	 571 	 188 	 191 	 50 
2656 	 571 	 188 	 191 	 50 
2657 	 571 	 188 	 191 	 50 
2658 	 571 	 188 	 191 	 50 
2659 	 571 	 188 	 191 	 50 
2660 	 571 	 188 	 191 	 50 
2661 	 571 	 188 	 191 	 50 
2662 	 571 	 188 	 191 	 50 
2663 	 571 	 187 	 190 	 52 
2664 	 571 	 187 	 185 	 57 
2665 	 572 	 187 	 182 	 59 
2666 	 572 	 187 	 182 	 59 
2667 	 572 	 187 	 182 	 59 
2668 	 572 	 187 	 182 	 59 
2669 	 572 	 187 	 182 	 59 
2670 	 572 	 187 	 182 	 59 
2671 	 572 	 187 	 182 	 59 
2672 	 572 	 187 	 182 	 59 
2673 	 572 	 187 	 182 	 59 
2674 	 572 	 187 	 182 	 59 
2675 	 572 	 187 	 182 	 59 
2676 	 572 	 187 	 182 	 59 
2677 	 572 	 187 	 182 	 59 
2678 	 572 	 187 	 182 	 59 
2679 	 572 	 187 	 182 	 59 
2680 	 572 	 187 	 182 	 59 
2681 	 572 	 187 	 182 	 59 
2682 	 572 	 187 	 182 	 59 
2683 	 572 	 187 	 182 	 59 
2684 	 572 	 187 	 182 	 59 
2685 	 572 	 186 	 182 	 60 
2686 	 572 	 188 	 184 	 56 
2687 	 574 	 192 	 186 	 48 
2688 	 575 	 190 	 183 	 52 
2689 	 575 	 190 	 183 	 52 
2690 	 575 	 190 	 183 	 52 
2691 	 575 	 190 	 183 	 52 
2692 	 575 	 190 	 183 	 52 
2693 	 575 	 190 	 183 	 52 
2694 	 575 	 190 	 183 	 52 
2695 	 575 	 190 	 183 	 52 
2696 	 575 	 190 	 183 	 52 
2697 	 575 	 190 	 183 	 52 
2698 	 575 	 190 	 183 	 52 
2699 	 575 	 190 	 183 	 52 
2700 	 575 	 190 	 183 	 52 
2701 	 575 	 190 	 183 	 52 
2702 	 575 	 190 	 183 	 52 
2703 	 575 	 190 	 183 	 52 
2704 	 575 	 190 	 183 	 52 
2705 	 575 	 190 	 183 	 52 
2706 	 575 	 190 	 183 	 52 
2707 	 575 	 190 	 183 	 52 
2708 	 575 	 190 	 183 	 52 
2709 	 575 	 190 	 183 	 52 
2710 	 575 	 190 	 183 	 52 
2711 	 575 	 190 	 183 	 52 
2712 	 575 	 190 	 183 	 52 
2713 	 575 	 190 	 183 	 52 
2714 	 575 	 190 	 183 	 52 
2715 	 575 	 190 	 183 	 52 
2716 	 575 	 190 	 183 	 52 
2717 	 575 	 190 	 183 	 52 
2718 	 575 	 190 	 183 	 52 
2719 	 575 	 190 	 183 	 52 
2720 	 575 	 190 	 183 	 52 
2721 	 575 	 190 	 183 	 52 
2722 	 575 	 190 	 183 	 52 
2723 	 575 	 190 	 183 	 52 
2724 	 575 	 191 	 182 	 52 
2725 	 575 	 193 	 181 	 51 
2726 	 575 	 190 	 184 	 51 
2727 	 578 	 186 	 184 	 52 
2728 	 578 	 186 	 184 	 52 
2729 	 578 	 186 	 184 	 52 
2730 	 578 	 186 	 184 	 52 
2731 	 578 	 186 	 184 	 52 
2732 	 578 	 186 	 184 	 52 
2733 	 578 	 186 	 184 	 52 
2734 	 578 	 186 	 184 	 52 
2735 	 578 	 186 	 184 	 52 
2736 	 578 	 186 	 184 	 52 
2737 	 578 	 186 	 184 	 52 
2738 	 578 	 185 	 186 	 51 
2739 	 578 	 184 	 187 	 51 
2740 	 578 	 183 	 187 	 52 
2741 	 582 	 179 	 184 	 55 
2742 	 582 	 179 	 184 	 55 
2743 	 584 	 180 	 186 	 50 
2744 	 585 	 183 	 180 	 52 
2745 	 585 	 183 	 180 	 52 
2746 	 585 	 183 	 180 	 52 
2747 	 585 	 179 	 183 	 53 
2748 	 586 	 178 	 178 	 58 
2749 	 586 	 178 	 178 	 58 
2750 	 586 	 178 	 178 	 58 
2751 	 586 	 178 	 178 	 58 
2752 	 586 	 178 	 178 	 58 
2753 	 586 	 178 	 178 	 58 
2754 	 586 	 177 	 178 	 59 
2755 	 586 	 176 	 178 	 60 
2756 	 586 	 177 	 177 	 60 
2757 	 587 	 176 	 178 	 59 
2758 	 587 	 176 	 178 	 59 
2759 	 587 	 176 	 178 	 59 
2760 	 587 	 175 	 178 	 60 
2761 	 587 	 175 	 178 	 60 
2762 	 587 	 179 	 179 	 55 
2763 	 588 	 180 	 178 	 54 
2764 	 588 	 180 	 178 	 54 
2765 	 588 	 180 	 178 	 54 
2766 	 588 	 180 	 178 	 54 
2767 	 588 	 180 	 178 	 54 
2768 	 588 	 180 	 178 	 54 
2769 	 588 	 180 	 178 	 54 
2770 	 588 	 180 	 178 	 54 
2771 	 588 	 180 	 179 	 53 
2772 	 588 	 180 	 178 	 54 
2773 	 589 	 181 	 176 	 54 
2774 	 589 	 181 	 176 	 54 
2775 	 589 	 181 	 176 	 54 
2776 	 589 	 181 	 176 	 54 
2777 	 589 	 181 	 176 	 54 
2778 	 589 	 183 	 175 	 53 
2779 	 589 	 182 	 175 	 54 
2780 	 590 	 182 	 177 	 51 
2781 	 590 	 182 	 177 	 51 
2782 	 590 	 182 	 177 	 51 
2783 	 590 	 182 	 177 	 51 
2784 	 590 	 182 	 177 	 51 
2785 	 590 	 182 	 177 	 51 
2786 	 590 	 182 	 178 	 50 
2787 	 590 	 183 	 177 	 50 
2788 	 590 	 179 	 178 	 53 
2789 	 591 	 183 	 177 	 49 
2790 	 591 	 183 	 177 	 49 
2791 	 591 	 183 	 177 	 49 
2792 	 591 	 183 	 177 	 49 
2793 	 591 	 183 	 177 	 49 
2794 	 591 	 183 	 177 	 49 
