100 	 2 	 5 	 -1.000000 	 0.200000
100 	 2 	 4800
100 	 1 	 5 	 -1.000000 	 0.200000
100 	 1 	 5000
100 	 4 	 5 	 -1.000000 	 0.200000
100 	 4 	 5100
100 	 3 	 5 	 -1.000000 	 0.200000
100 	 3 	 5500
100 	 6 	 5 	 -1.000000 	 0.200000
100 	 6 	 4600
100 	 8 	 5 	 -1.000000 	 0.200000
100 	 8 	 4400
100 	 7 	 5 	 -1.000000 	 0.200000
100 	 7 	 5400
100 	 5 	 5 	 -1.000000 	 0.200000
100 	 5 	 5200
100 	 10 	 5 	 -1.000000 	 0.200000
100 	 10 	 4800
100 	 9 	 5 	 -1.000000 	 0.200000
100 	 9 	 4600
100 	 11 	 5 	 -1.000000 	 0.200000
100 	 11 	 5100
100 	 12 	 5 	 -1.000000 	 0.200000
100 	 12 	 5200
100 	 14 	 5 	 -1.000000 	 0.200000
100 	 14 	 5000
100 	 16 	 5 	 -1.000000 	 0.200000
100 	 16 	 4700
100 	 13 	 5 	 -1.000000 	 0.200000
100 	 13 	 5400
100 	 15 	 5 	 -1.000000 	 0.200000
100 	 15 	 5600
100 	 17 	 5 	 -1.000000 	 0.200000
100 	 17 	 4400
100 	 20 	 5 	 -1.000000 	 0.200000
100 	 20 	 4700
100 	 19 	 5 	 -1.000000 	 0.200000
100 	 19 	 5300
100 	 18 	 5 	 -1.000000 	 0.200000
100 	 18 	 5400
100 	 23 	 5 	 -1.000000 	 0.200000
100 	 23 	 4800
100 	 22 	 5 	 -1.000000 	 0.200000
100 	 22 	 4800
100 	 21 	 5 	 -1.000000 	 0.200000
100 	 21 	 5100
100 	 24 	 5 	 -1.000000 	 0.200000
100 	 24 	 5300
100 	 27 	 5 	 -1.000000 	 0.200000
100 	 27 	 4400
100 	 26 	 5 	 -1.000000 	 0.200000
100 	 26 	 4900
100 	 28 	 5 	 -1.000000 	 0.200000
100 	 28 	 4900
100 	 25 	 5 	 -1.000000 	 0.200000
100 	 25 	 4900
100 	 30 	 5 	 -1.000000 	 0.200000
100 	 30 	 4700
100 	 32 	 5 	 -1.000000 	 0.200000
100 	 32 	 4600
100 	 29 	 5 	 -1.000000 	 0.200000
100 	 29 	 5800
100 	 31 	 5 	 -1.000000 	 0.200000
100 	 31 	 5400
100 	 33 	 5 	 -1.000000 	 0.200000
100 	 33 	 4500
100 	 35 	 5 	 -1.000000 	 0.200000
100 	 35 	 4700
100 	 36 	 5 	 -1.000000 	 0.200000
100 	 36 	 4900
100 	 34 	 5 	 -1.000000 	 0.200000
100 	 34 	 5300
100 	 38 	 5 	 -1.000000 	 0.200000
100 	 38 	 5100
100 	 37 	 5 	 -1.000000 	 0.200000
100 	 37 	 5300
100 	 39 	 5 	 -1.000000 	 0.200000
100 	 39 	 5300
100 	 40 	 5 	 -1.000000 	 0.200000
100 	 40 	 5400
100 	 41 	 5 	 -1.000000 	 0.200000
100 	 41 	 5000
100 	 43 	 5 	 -1.000000 	 0.200000
100 	 43 	 5200
100 	 42 	 5 	 -1.000000 	 0.200000
100 	 42 	 5000
100 	 44 	 5 	 -1.000000 	 0.200000
100 	 44 	 5300
100 	 45 	 5 	 -1.000000 	 0.200000
100 	 45 	 4900
100 	 47 	 5 	 -1.000000 	 0.200000
100 	 47 	 5200
100 	 46 	 5 	 -1.000000 	 0.200000
100 	 46 	 5500
100 	 48 	 5 	 -1.000000 	 0.200000
100 	 48 	 5200
100 	 49 	 5 	 -1.000000 	 0.200000
100 	 49 	 4800
100 	 50 	 5 	 -1.000000 	 0.200000
100 	 50 	 5000
100 	 52 	 5 	 -1.000000 	 0.200000
100 	 52 	 5500
100 	 51 	 5 	 -1.000000 	 0.200000
100 	 51 	 6300
100 	 53 	 5 	 -1.000000 	 0.200000
100 	 53 	 5100
100 	 54 	 5 	 -1.000000 	 0.200000
100 	 54 	 4900
100 	 55 	 5 	 -1.000000 	 0.200000
100 	 55 	 4300
100 	 56 	 5 	 -1.000000 	 0.200000
100 	 56 	 5300
100 	 60 	 5 	 -1.000000 	 0.200000
100 	 60 	 4600
100 	 57 	 5 	 -1.000000 	 0.200000
100 	 57 	 5200
100 	 59 	 5 	 -1.000000 	 0.200000
100 	 59 	 5200
100 	 58 	 5 	 -1.000000 	 0.200000
100 	 58 	 5400
100 	 61 	 5 	 -1.000000 	 0.200000
100 	 61 	 5200
100 	 64 	 5 	 -1.000000 	 0.200000
100 	 64 	 5100
100 	 63 	 5 	 -1.000000 	 0.200000
100 	 63 	 5500
100 	 62 	 5 	 -1.000000 	 0.200000
100 	 62 	 6000
100 	 66 	 5 	 -1.000000 	 0.200000
100 	 66 	 4700
100 	 65 	 5 	 -1.000000 	 0.200000
100 	 65 	 4800
100 	 68 	 5 	 -1.000000 	 0.200000
100 	 68 	 4200
100 	 67 	 5 	 -1.000000 	 0.200000
100 	 67 	 4900
100 	 69 	 5 	 -1.000000 	 0.200000
100 	 69 	 4800
100 	 71 	 5 	 -1.000000 	 0.200000
100 	 71 	 5100
100 	 70 	 5 	 -1.000000 	 0.200000
100 	 70 	 5100
100 	 72 	 5 	 -1.000000 	 0.200000
100 	 72 	 5300
100 	 75 	 5 	 -1.000000 	 0.200000
100 	 75 	 4900
100 	 74 	 5 	 -1.000000 	 0.200000
100 	 74 	 5300
100 	 73 	 5 	 -1.000000 	 0.200000
100 	 73 	 5200
100 	 76 	 5 	 -1.000000 	 0.200000
100 	 76 	 5200
100 	 78 	 5 	 -1.000000 	 0.200000
100 	 78 	 4500
100 	 77 	 5 	 -1.000000 	 0.200000
100 	 77 	 5300
100 	 79 	 5 	 -1.000000 	 0.200000
100 	 79 	 5300
100 	 80 	 5 	 -1.000000 	 0.200000
100 	 80 	 5300
100 	 82 	 5 	 -1.000000 	 0.200000
100 	 82 	 4500
100 	 84 	 5 	 -1.000000 	 0.200000
100 	 84 	 4700
100 	 83 	 5 	 -1.000000 	 0.200000
100 	 83 	 5600
100 	 81 	 5 	 -1.000000 	 0.200000
100 	 81 	 5100
100 	 85 	 5 	 -1.000000 	 0.200000
100 	 85 	 4700
100 	 87 	 5 	 -1.000000 	 0.200000
100 	 87 	 4600
100 	 86 	 5 	 -1.000000 	 0.200000
100 	 86 	 5200
100 	 88 	 5 	 -1.000000 	 0.200000
100 	 88 	 5800
100 	 89 	 5 	 -1.000000 	 0.200000
100 	 89 	 4700
100 	 90 	 5 	 -1.000000 	 0.200000
100 	 90 	 4900
100 	 91 	 5 	 -1.000000 	 0.200000
100 	 91 	 4800
100 	 92 	 5 	 -1.000000 	 0.200000
100 	 92 	 4800
100 	 94 	 5 	 -1.000000 	 0.200000
100 	 94 	 4700
100 	 93 	 5 	 -1.000000 	 0.200000
100 	 93 	 4500
100 	 95 	 5 	 -1.000000 	 0.200000
100 	 95 	 5100
100 	 96 	 5 	 -1.000000 	 0.200000
100 	 96 	 4600
100 	 98 	 5 	 -1.000000 	 0.200000
100 	 98 	 5000
100 	 97 	 5 	 -1.000000 	 0.200000
100 	 97 	 4900
100 	 99 	 5 	 -1.000000 	 0.200000
100 	 99 	 5400
100 	 100 	 5 	 -1.000000 	 0.200000
100 	 100 	 5000
200 	 3 	 5 	 -1.000000 	 0.200000
200 	 3 	 12125
200 	 4 	 5 	 -1.000000 	 0.200000
200 	 4 	 11875
200 	 1 	 5 	 -1.000000 	 0.200000
200 	 1 	 13250
200 	 2 	 5 	 -1.000000 	 0.200000
200 	 2 	 14250
200 	 6 	 5 	 -1.000000 	 0.200000
200 	 6 	 13250
200 	 8 	 5 	 -1.000000 	 0.200000
200 	 8 	 13125
200 	 7 	 5 	 -1.000000 	 0.200000
200 	 7 	 13875
200 	 5 	 5 	 -1.000000 	 0.200000
200 	 5 	 14000
200 	 9 	 5 	 -1.000000 	 0.200000
200 	 9 	 11875
200 	 12 	 5 	 -1.000000 	 0.200000
200 	 12 	 12000
200 	 10 	 5 	 -1.000000 	 0.200000
200 	 10 	 12750
200 	 11 	 5 	 -1.000000 	 0.200000
200 	 11 	 14250
200 	 13 	 5 	 -1.000000 	 0.200000
200 	 13 	 12625
200 	 14 	 5 	 -1.000000 	 0.200000
200 	 14 	 13875
200 	 15 	 5 	 -1.000000 	 0.200000
200 	 15 	 13375
200 	 16 	 5 	 -1.000000 	 0.200000
200 	 16 	 13000
200 	 17 	 5 	 -1.000000 	 0.200000
200 	 17 	 11750
200 	 18 	 5 	 -1.000000 	 0.200000
200 	 18 	 13750
200 	 20 	 5 	 -1.000000 	 0.200000
200 	 20 	 13250
200 	 19 	 5 	 -1.000000 	 0.200000
200 	 19 	 14125
200 	 21 	 5 	 -1.000000 	 0.200000
200 	 21 	 13500
200 	 24 	 5 	 -1.000000 	 0.200000
200 	 24 	 13375
200 	 23 	 5 	 -1.000000 	 0.200000
200 	 23 	 13375
200 	 22 	 5 	 -1.000000 	 0.200000
200 	 22 	 14250
200 	 25 	 5 	 -1.000000 	 0.200000
200 	 25 	 12125
200 	 28 	 5 	 -1.000000 	 0.200000
200 	 28 	 12125
200 	 26 	 5 	 -1.000000 	 0.200000
200 	 26 	 14125
200 	 27 	 5 	 -1.000000 	 0.200000
200 	 27 	 14125
200 	 29 	 5 	 -1.000000 	 0.200000
200 	 29 	 12000
200 	 30 	 5 	 -1.000000 	 0.200000
200 	 30 	 13750
200 	 31 	 5 	 -1.000000 	 0.200000
200 	 31 	 13500
200 	 32 	 5 	 -1.000000 	 0.200000
200 	 32 	 14125
200 	 33 	 5 	 -1.000000 	 0.200000
200 	 33 	 11750
200 	 34 	 5 	 -1.000000 	 0.200000
200 	 34 	 11875
200 	 35 	 5 	 -1.000000 	 0.200000
200 	 35 	 12250
200 	 36 	 5 	 -1.000000 	 0.200000
200 	 36 	 14375
200 	 38 	 5 	 -1.000000 	 0.200000
200 	 38 	 12750
200 	 37 	 5 	 -1.000000 	 0.200000
200 	 37 	 14500
200 	 39 	 5 	 -1.000000 	 0.200000
200 	 39 	 14000
200 	 40 	 5 	 -1.000000 	 0.200000
200 	 40 	 11875
200 	 42 	 5 	 -1.000000 	 0.200000
200 	 42 	 14375
200 	 43 	 5 	 -1.000000 	 0.200000
200 	 43 	 14125
200 	 44 	 5 	 -1.000000 	 0.200000
200 	 44 	 12000
200 	 41 	 5 	 -1.000000 	 0.200000
200 	 41 	 15625
200 	 45 	 5 	 -1.000000 	 0.200000
200 	 45 	 12625
200 	 47 	 5 	 -1.000000 	 0.200000
200 	 47 	 12750
200 	 46 	 5 	 -1.000000 	 0.200000
200 	 46 	 13625
200 	 48 	 5 	 -1.000000 	 0.200000
200 	 48 	 13625
200 	 49 	 5 	 -1.000000 	 0.200000
200 	 49 	 12375
200 	 50 	 5 	 -1.000000 	 0.200000
200 	 50 	 13250
200 	 51 	 5 	 -1.000000 	 0.200000
200 	 51 	 13250
200 	 52 	 5 	 -1.000000 	 0.200000
200 	 52 	 13750
200 	 53 	 5 	 -1.000000 	 0.200000
200 	 53 	 13000
200 	 56 	 5 	 -1.000000 	 0.200000
200 	 56 	 11625
200 	 54 	 5 	 -1.000000 	 0.200000
200 	 54 	 13000
200 	 55 	 5 	 -1.000000 	 0.200000
200 	 55 	 13375
200 	 60 	 5 	 -1.000000 	 0.200000
200 	 60 	 11625
200 	 58 	 5 	 -1.000000 	 0.200000
200 	 58 	 12625
200 	 59 	 5 	 -1.000000 	 0.200000
200 	 59 	 13250
200 	 57 	 5 	 -1.000000 	 0.200000
200 	 57 	 14625
200 	 61 	 5 	 -1.000000 	 0.200000
200 	 61 	 13500
200 	 62 	 5 	 -1.000000 	 0.200000
200 	 62 	 14375
200 	 63 	 5 	 -1.000000 	 0.200000
200 	 63 	 14375
200 	 64 	 5 	 -1.000000 	 0.200000
200 	 64 	 13375
200 	 67 	 5 	 -1.000000 	 0.200000
200 	 67 	 11750
200 	 66 	 5 	 -1.000000 	 0.200000
200 	 66 	 13250
200 	 65 	 5 	 -1.000000 	 0.200000
200 	 65 	 13875
200 	 68 	 5 	 -1.000000 	 0.200000
200 	 68 	 12625
200 	 69 	 5 	 -1.000000 	 0.200000
200 	 69 	 12375
200 	 70 	 5 	 -1.000000 	 0.200000
200 	 70 	 12625
200 	 71 	 5 	 -1.000000 	 0.200000
200 	 71 	 15000
200 	 72 	 5 	 -1.000000 	 0.200000
200 	 72 	 12000
200 	 73 	 5 	 -1.000000 	 0.200000
200 	 73 	 13500
200 	 74 	 5 	 -1.000000 	 0.200000
200 	 74 	 14125
200 	 75 	 5 	 -1.000000 	 0.200000
200 	 75 	 13875
200 	 76 	 5 	 -1.000000 	 0.200000
200 	 76 	 13750
200 	 77 	 5 	 -1.000000 	 0.200000
200 	 77 	 12000
200 	 80 	 5 	 -1.000000 	 0.200000
200 	 80 	 11375
200 	 78 	 5 	 -1.000000 	 0.200000
200 	 78 	 14250
200 	 79 	 5 	 -1.000000 	 0.200000
200 	 79 	 12250
200 	 81 	 5 	 -1.000000 	 0.200000
200 	 81 	 13625
200 	 83 	 5 	 -1.000000 	 0.200000
200 	 83 	 12125
200 	 82 	 5 	 -1.000000 	 0.200000
200 	 82 	 12750
200 	 84 	 5 	 -1.000000 	 0.200000
200 	 84 	 12875
200 	 87 	 5 	 -1.000000 	 0.200000
200 	 87 	 12000
200 	 85 	 5 	 -1.000000 	 0.200000
200 	 85 	 12750
200 	 88 	 5 	 -1.000000 	 0.200000
200 	 88 	 12375
200 	 86 	 5 	 -1.000000 	 0.200000
200 	 86 	 15875
200 	 89 	 5 	 -1.000000 	 0.200000
200 	 89 	 12125
200 	 90 	 5 	 -1.000000 	 0.200000
200 	 90 	 14125
200 	 91 	 5 	 -1.000000 	 0.200000
200 	 91 	 14500
200 	 93 	 5 	 -1.000000 	 0.200000
200 	 93 	 11500
200 	 92 	 5 	 -1.000000 	 0.200000
200 	 92 	 14250
200 	 94 	 5 	 -1.000000 	 0.200000
200 	 94 	 12375
200 	 95 	 5 	 -1.000000 	 0.200000
200 	 95 	 12875
200 	 97 	 5 	 -1.000000 	 0.200000
200 	 97 	 12500
200 	 98 	 5 	 -1.000000 	 0.200000
200 	 98 	 12250
200 	 96 	 5 	 -1.000000 	 0.200000
200 	 96 	 14250
200 	 99 	 5 	 -1.000000 	 0.200000
200 	 99 	 13625
200 	 100 	 5 	 -1.000000 	 0.200000
200 	 100 	 13875
300 	 2 	 5 	 -1.000000 	 0.200000
300 	 2 	 19625
300 	 3 	 5 	 -1.000000 	 0.200000
300 	 3 	 17500
300 	 1 	 5 	 -1.000000 	 0.200000
300 	 1 	 20750
300 	 4 	 5 	 -1.000000 	 0.200000
300 	 4 	 19750
300 	 5 	 5 	 -1.000000 	 0.200000
300 	 5 	 18250
300 	 6 	 5 	 -1.000000 	 0.200000
300 	 6 	 21000
300 	 7 	 5 	 -1.000000 	 0.200000
300 	 7 	 21250
300 	 8 	 5 	 -1.000000 	 0.200000
300 	 8 	 18750
300 	 9 	 5 	 -1.000000 	 0.200000
300 	 9 	 21125
300 	 10 	 5 	 -1.000000 	 0.200000
300 	 10 	 19250
300 	 11 	 5 	 -1.000000 	 0.200000
300 	 11 	 21500
300 	 12 	 5 	 -1.000000 	 0.200000
300 	 12 	 19625
300 	 13 	 5 	 -1.000000 	 0.200000
300 	 13 	 18875
300 	 14 	 5 	 -1.000000 	 0.200000
300 	 14 	 20500
300 	 16 	 5 	 -1.000000 	 0.200000
300 	 16 	 18250
300 	 15 	 5 	 -1.000000 	 0.200000
300 	 15 	 19750
300 	 17 	 5 	 -1.000000 	 0.200000
300 	 17 	 20625
300 	 19 	 5 	 -1.000000 	 0.200000
300 	 19 	 19500
300 	 20 	 5 	 -1.000000 	 0.200000
300 	 20 	 19125
300 	 18 	 5 	 -1.000000 	 0.200000
300 	 18 	 23000
300 	 21 	 5 	 -1.000000 	 0.200000
300 	 21 	 19500
300 	 23 	 5 	 -1.000000 	 0.200000
300 	 23 	 19250
300 	 22 	 5 	 -1.000000 	 0.200000
300 	 22 	 22375
300 	 24 	 5 	 -1.000000 	 0.200000
300 	 24 	 20125
300 	 25 	 5 	 -1.000000 	 0.200000
300 	 25 	 20250
300 	 27 	 5 	 -1.000000 	 0.200000
300 	 27 	 19375
300 	 28 	 5 	 -1.000000 	 0.200000
300 	 28 	 19750
300 	 26 	 5 	 -1.000000 	 0.200000
300 	 26 	 22125
300 	 29 	 5 	 -1.000000 	 0.200000
300 	 29 	 20500
300 	 30 	 5 	 -1.000000 	 0.200000
300 	 30 	 19875
300 	 31 	 5 	 -1.000000 	 0.200000
300 	 31 	 21000
300 	 32 	 5 	 -1.000000 	 0.200000
300 	 32 	 20750
300 	 34 	 5 	 -1.000000 	 0.200000
300 	 34 	 19875
300 	 33 	 5 	 -1.000000 	 0.200000
300 	 33 	 22000
300 	 35 	 5 	 -1.000000 	 0.200000
300 	 35 	 18625
300 	 36 	 5 	 -1.000000 	 0.200000
300 	 36 	 21875
300 	 37 	 5 	 -1.000000 	 0.200000
300 	 37 	 20250
300 	 38 	 5 	 -1.000000 	 0.200000
300 	 38 	 20000
300 	 39 	 5 	 -1.000000 	 0.200000
300 	 39 	 20750
300 	 40 	 5 	 -1.000000 	 0.200000
300 	 40 	 19125
300 	 41 	 5 	 -1.000000 	 0.200000
300 	 41 	 19750
300 	 42 	 5 	 -1.000000 	 0.200000
300 	 42 	 19750
300 	 43 	 5 	 -1.000000 	 0.200000
300 	 43 	 21000
300 	 44 	 5 	 -1.000000 	 0.200000
300 	 44 	 20875
300 	 46 	 5 	 -1.000000 	 0.200000
300 	 46 	 19625
300 	 45 	 5 	 -1.000000 	 0.200000
300 	 45 	 21125
300 	 47 	 5 	 -1.000000 	 0.200000
300 	 47 	 21250
300 	 48 	 5 	 -1.000000 	 0.200000
300 	 48 	 19875
300 	 50 	 5 	 -1.000000 	 0.200000
300 	 50 	 20750
300 	 49 	 5 	 -1.000000 	 0.200000
300 	 49 	 22625
300 	 51 	 5 	 -1.000000 	 0.200000
300 	 51 	 21375
300 	 52 	 5 	 -1.000000 	 0.200000
300 	 52 	 20875
300 	 53 	 5 	 -1.000000 	 0.200000
300 	 53 	 19500
300 	 54 	 5 	 -1.000000 	 0.200000
300 	 54 	 18375
300 	 56 	 5 	 -1.000000 	 0.200000
300 	 56 	 19000
300 	 55 	 5 	 -1.000000 	 0.200000
300 	 55 	 21750
300 	 57 	 5 	 -1.000000 	 0.200000
300 	 57 	 21375
300 	 58 	 5 	 -1.000000 	 0.200000
300 	 58 	 22750
300 	 59 	 5 	 -1.000000 	 0.200000
300 	 59 	 19750
300 	 60 	 5 	 -1.000000 	 0.200000
300 	 60 	 22250
300 	 61 	 5 	 -1.000000 	 0.200000
300 	 61 	 20000
300 	 62 	 5 	 -1.000000 	 0.200000
300 	 62 	 18500
300 	 63 	 5 	 -1.000000 	 0.200000
300 	 63 	 19250
300 	 64 	 5 	 -1.000000 	 0.200000
300 	 64 	 20375
300 	 65 	 5 	 -1.000000 	 0.200000
300 	 65 	 20125
300 	 66 	 5 	 -1.000000 	 0.200000
300 	 66 	 21000
300 	 67 	 5 	 -1.000000 	 0.200000
300 	 67 	 20375
300 	 68 	 5 	 -1.000000 	 0.200000
300 	 68 	 21875
300 	 69 	 5 	 -1.000000 	 0.200000
300 	 69 	 21625
300 	 70 	 5 	 -1.000000 	 0.200000
300 	 70 	 20125
300 	 71 	 5 	 -1.000000 	 0.200000
300 	 71 	 22500
300 	 72 	 5 	 -1.000000 	 0.200000
300 	 72 	 23000
300 	 73 	 5 	 -1.000000 	 0.200000
300 	 73 	 20000
300 	 74 	 5 	 -1.000000 	 0.200000
300 	 74 	 20375
300 	 75 	 5 	 -1.000000 	 0.200000
300 	 75 	 22750
300 	 77 	 5 	 -1.000000 	 0.200000
300 	 77 	 19625
300 	 76 	 5 	 -1.000000 	 0.200000
300 	 76 	 20750
300 	 78 	 5 	 -1.000000 	 0.200000
300 	 78 	 20000
300 	 79 	 5 	 -1.000000 	 0.200000
300 	 79 	 20000
300 	 81 	 5 	 -1.000000 	 0.200000
300 	 81 	 19250
300 	 82 	 5 	 -1.000000 	 0.200000
300 	 82 	 19875
300 	 80 	 5 	 -1.000000 	 0.200000
300 	 80 	 21500
300 	 83 	 5 	 -1.000000 	 0.200000
300 	 83 	 19875
300 	 85 	 5 	 -1.000000 	 0.200000
300 	 85 	 19000
300 	 84 	 5 	 -1.000000 	 0.200000
300 	 84 	 20625
300 	 86 	 5 	 -1.000000 	 0.200000
300 	 86 	 19750
300 	 87 	 5 	 -1.000000 	 0.200000
300 	 87 	 19500
300 	 90 	 5 	 -1.000000 	 0.200000
300 	 90 	 19500
300 	 88 	 5 	 -1.000000 	 0.200000
300 	 88 	 21750
300 	 89 	 5 	 -1.000000 	 0.200000
300 	 89 	 22375
300 	 91 	 5 	 -1.000000 	 0.200000
300 	 91 	 19000
300 	 92 	 5 	 -1.000000 	 0.200000
300 	 92 	 18625
300 	 93 	 5 	 -1.000000 	 0.200000
300 	 93 	 19750
300 	 94 	 5 	 -1.000000 	 0.200000
300 	 94 	 19500
300 	 95 	 5 	 -1.000000 	 0.200000
300 	 95 	 22500
300 	 97 	 5 	 -1.000000 	 0.200000
300 	 97 	 21875
300 	 98 	 5 	 -1.000000 	 0.200000
300 	 98 	 21500
300 	 96 	 5 	 -1.000000 	 0.200000
300 	 96 	 23625
300 	 99 	 5 	 -1.000000 	 0.200000
300 	 99 	 18250
300 	 100 	 5 	 -1.000000 	 0.200000
300 	 100 	 20625
400 	 1 	 5 	 -1.000000 	 0.200000
400 	 1 	 25875
400 	 2 	 5 	 -1.000000 	 0.200000
400 	 2 	 27500
400 	 3 	 5 	 -1.000000 	 0.200000
400 	 3 	 25375
400 	 4 	 5 	 -1.000000 	 0.200000
400 	 4 	 30000
400 	 5 	 5 	 -1.000000 	 0.200000
400 	 5 	 28875
400 	 7 	 5 	 -1.000000 	 0.200000
400 	 7 	 27750
400 	 6 	 5 	 -1.000000 	 0.200000
400 	 6 	 31250
400 	 9 	 5 	 -1.000000 	 0.200000
400 	 9 	 26375
400 	 8 	 5 	 -1.000000 	 0.200000
400 	 8 	 31875
400 	 10 	 5 	 -1.000000 	 0.200000
400 	 10 	 28125
400 	 11 	 5 	 -1.000000 	 0.200000
400 	 11 	 27000
400 	 12 	 5 	 -1.000000 	 0.200000
400 	 12 	 26750
400 	 13 	 5 	 -1.000000 	 0.200000
400 	 13 	 26500
400 	 14 	 5 	 -1.000000 	 0.200000
400 	 14 	 27875
400 	 15 	 5 	 -1.000000 	 0.200000
400 	 15 	 27875
400 	 16 	 5 	 -1.000000 	 0.200000
400 	 16 	 28375
400 	 17 	 5 	 -1.000000 	 0.200000
400 	 17 	 29125
400 	 18 	 5 	 -1.000000 	 0.200000
400 	 18 	 27750
400 	 19 	 5 	 -1.000000 	 0.200000
400 	 19 	 31625
400 	 20 	 5 	 -1.000000 	 0.200000
400 	 20 	 28000
400 	 22 	 5 	 -1.000000 	 0.200000
400 	 22 	 26875
400 	 21 	 5 	 -1.000000 	 0.200000
400 	 21 	 29375
400 	 23 	 5 	 -1.000000 	 0.200000
400 	 23 	 26500
400 	 24 	 5 	 -1.000000 	 0.200000
400 	 24 	 28375
400 	 25 	 5 	 -1.000000 	 0.200000
400 	 25 	 26625
400 	 26 	 5 	 -1.000000 	 0.200000
400 	 26 	 27625
400 	 27 	 5 	 -1.000000 	 0.200000
400 	 27 	 24750
400 	 28 	 5 	 -1.000000 	 0.200000
400 	 28 	 27750
400 	 29 	 5 	 -1.000000 	 0.200000
400 	 29 	 28250
400 	 31 	 5 	 -1.000000 	 0.200000
400 	 31 	 27750
400 	 30 	 5 	 -1.000000 	 0.200000
400 	 30 	 28125
400 	 33 	 5 	 -1.000000 	 0.200000
400 	 33 	 30125
400 	 32 	 5 	 -1.000000 	 0.200000
400 	 32 	 30500
400 	 35 	 5 	 -1.000000 	 0.200000
400 	 35 	 28125
400 	 34 	 5 	 -1.000000 	 0.200000
400 	 34 	 28750
400 	 37 	 5 	 -1.000000 	 0.200000
400 	 37 	 27125
400 	 39 	 5 	 -1.000000 	 0.200000
400 	 39 	 25875
400 	 38 	 5 	 -1.000000 	 0.200000
400 	 38 	 27875
400 	 36 	 5 	 -1.000000 	 0.200000
400 	 36 	 32375
400 	 40 	 5 	 -1.000000 	 0.200000
400 	 40 	 28875
400 	 42 	 5 	 -1.000000 	 0.200000
400 	 42 	 28500
400 	 41 	 5 	 -1.000000 	 0.200000
400 	 41 	 32000
400 	 43 	 5 	 -1.000000 	 0.200000
400 	 43 	 28250
400 	 44 	 5 	 -1.000000 	 0.200000
400 	 44 	 25750
400 	 45 	 5 	 -1.000000 	 0.200000
400 	 45 	 27750
400 	 46 	 5 	 -1.000000 	 0.200000
400 	 46 	 27500
400 	 47 	 5 	 -1.000000 	 0.200000
400 	 47 	 26500
400 	 48 	 5 	 -1.000000 	 0.200000
400 	 48 	 25000
400 	 50 	 5 	 -1.000000 	 0.200000
400 	 50 	 27625
400 	 49 	 5 	 -1.000000 	 0.200000
400 	 49 	 32250
400 	 51 	 5 	 -1.000000 	 0.200000
400 	 51 	 31375
400 	 52 	 5 	 -1.000000 	 0.200000
400 	 52 	 28875
400 	 53 	 5 	 -1.000000 	 0.200000
400 	 53 	 27625
400 	 54 	 5 	 -1.000000 	 0.200000
400 	 54 	 26625
400 	 55 	 5 	 -1.000000 	 0.200000
400 	 55 	 28625
400 	 56 	 5 	 -1.000000 	 0.200000
400 	 56 	 29125
400 	 57 	 5 	 -1.000000 	 0.200000
400 	 57 	 28125
400 	 58 	 5 	 -1.000000 	 0.200000
400 	 58 	 26750
400 	 59 	 5 	 -1.000000 	 0.200000
400 	 59 	 25625
400 	 60 	 5 	 -1.000000 	 0.200000
400 	 60 	 27250
400 	 61 	 5 	 -1.000000 	 0.200000
400 	 61 	 26125
400 	 62 	 5 	 -1.000000 	 0.200000
400 	 62 	 29750
400 	 63 	 5 	 -1.000000 	 0.200000
400 	 63 	 25875
400 	 64 	 5 	 -1.000000 	 0.200000
400 	 64 	 31375
400 	 65 	 5 	 -1.000000 	 0.200000
400 	 65 	 28250
400 	 67 	 5 	 -1.000000 	 0.200000
400 	 67 	 26625
400 	 66 	 5 	 -1.000000 	 0.200000
400 	 66 	 31250
400 	 69 	 5 	 -1.000000 	 0.200000
400 	 69 	 25625
400 	 68 	 5 	 -1.000000 	 0.200000
400 	 68 	 29125
400 	 70 	 5 	 -1.000000 	 0.200000
400 	 70 	 31750
400 	 71 	 5 	 -1.000000 	 0.200000
400 	 71 	 28875
400 	 72 	 5 	 -1.000000 	 0.200000
400 	 72 	 26125
400 	 73 	 5 	 -1.000000 	 0.200000
400 	 73 	 29000
400 	 74 	 5 	 -1.000000 	 0.200000
400 	 74 	 27125
400 	 75 	 5 	 -1.000000 	 0.200000
400 	 75 	 28625
400 	 76 	 5 	 -1.000000 	 0.200000
400 	 76 	 28125
400 	 77 	 5 	 -1.000000 	 0.200000
400 	 77 	 25625
400 	 78 	 5 	 -1.000000 	 0.200000
400 	 78 	 29250
400 	 79 	 5 	 -1.000000 	 0.200000
400 	 79 	 27500
400 	 81 	 5 	 -1.000000 	 0.200000
400 	 81 	 26750
400 	 80 	 5 	 -1.000000 	 0.200000
400 	 80 	 27375
400 	 82 	 5 	 -1.000000 	 0.200000
400 	 82 	 28000
400 	 83 	 5 	 -1.000000 	 0.200000
400 	 83 	 28375
400 	 85 	 5 	 -1.000000 	 0.200000
400 	 85 	 29125
400 	 84 	 5 	 -1.000000 	 0.200000
400 	 84 	 29500
400 	 86 	 5 	 -1.000000 	 0.200000
400 	 86 	 26875
400 	 87 	 5 	 -1.000000 	 0.200000
400 	 87 	 25875
400 	 88 	 5 	 -1.000000 	 0.200000
400 	 88 	 24875
400 	 90 	 5 	 -1.000000 	 0.200000
400 	 90 	 26500
400 	 89 	 5 	 -1.000000 	 0.200000
400 	 89 	 32250
400 	 92 	 5 	 -1.000000 	 0.200000
400 	 92 	 28250
400 	 91 	 5 	 -1.000000 	 0.200000
400 	 91 	 33000
400 	 93 	 5 	 -1.000000 	 0.200000
400 	 93 	 28625
400 	 94 	 5 	 -1.000000 	 0.200000
400 	 94 	 29625
400 	 95 	 5 	 -1.000000 	 0.200000
400 	 95 	 26750
400 	 96 	 5 	 -1.000000 	 0.200000
400 	 96 	 29875
400 	 97 	 5 	 -1.000000 	 0.200000
400 	 97 	 27875
400 	 99 	 5 	 -1.000000 	 0.200000
400 	 99 	 27500
400 	 98 	 5 	 -1.000000 	 0.200000
400 	 98 	 33750
400 	 100 	 5 	 -1.000000 	 0.200000
400 	 100 	 28250
500 	 1 	 5 	 -1.000000 	 0.200000
500 	 1 	 42150
500 	 2 	 5 	 -1.000000 	 0.200000
500 	 2 	 41850
500 	 3 	 5 	 -1.000000 	 0.200000
500 	 3 	 40800
500 	 4 	 5 	 -1.000000 	 0.200000
500 	 4 	 38850
500 	 6 	 5 	 -1.000000 	 0.200000
500 	 6 	 37650
500 	 5 	 5 	 -1.000000 	 0.200000
500 	 5 	 40950
500 	 7 	 5 	 -1.000000 	 0.200000
500 	 7 	 39000
500 	 8 	 5 	 -1.000000 	 0.200000
500 	 8 	 39300
500 	 9 	 5 	 -1.000000 	 0.200000
500 	 9 	 42600
500 	 11 	 5 	 -1.000000 	 0.200000
500 	 11 	 41100
500 	 12 	 5 	 -1.000000 	 0.200000
500 	 12 	 39600
500 	 10 	 5 	 -1.000000 	 0.200000
500 	 10 	 45750
500 	 13 	 5 	 -1.000000 	 0.200000
500 	 13 	 39300
500 	 15 	 5 	 -1.000000 	 0.200000
500 	 15 	 42300
500 	 14 	 5 	 -1.000000 	 0.200000
500 	 14 	 43050
500 	 16 	 5 	 -1.000000 	 0.200000
500 	 16 	 44400
500 	 17 	 5 	 -1.000000 	 0.200000
500 	 17 	 42150
500 	 19 	 5 	 -1.000000 	 0.200000
500 	 19 	 42000
500 	 18 	 5 	 -1.000000 	 0.200000
500 	 18 	 42450
500 	 20 	 5 	 -1.000000 	 0.200000
500 	 20 	 38850
500 	 21 	 5 	 -1.000000 	 0.200000
500 	 21 	 39600
500 	 22 	 5 	 -1.000000 	 0.200000
500 	 22 	 39900
500 	 24 	 5 	 -1.000000 	 0.200000
500 	 24 	 38100
500 	 23 	 5 	 -1.000000 	 0.200000
500 	 23 	 44700
500 	 25 	 5 	 -1.000000 	 0.200000
500 	 25 	 44400
500 	 26 	 5 	 -1.000000 	 0.200000
500 	 26 	 42450
500 	 28 	 5 	 -1.000000 	 0.200000
500 	 28 	 39450
500 	 27 	 5 	 -1.000000 	 0.200000
500 	 27 	 47100
500 	 29 	 5 	 -1.000000 	 0.200000
500 	 29 	 38700
500 	 30 	 5 	 -1.000000 	 0.200000
500 	 30 	 40950
500 	 31 	 5 	 -1.000000 	 0.200000
500 	 31 	 40200
500 	 32 	 5 	 -1.000000 	 0.200000
500 	 32 	 42150
500 	 33 	 5 	 -1.000000 	 0.200000
500 	 33 	 41400
500 	 35 	 5 	 -1.000000 	 0.200000
500 	 35 	 39750
500 	 34 	 5 	 -1.000000 	 0.200000
500 	 34 	 41850
500 	 36 	 5 	 -1.000000 	 0.200000
500 	 36 	 43050
500 	 37 	 5 	 -1.000000 	 0.200000
500 	 37 	 39600
500 	 38 	 5 	 -1.000000 	 0.200000
500 	 38 	 39600
500 	 39 	 5 	 -1.000000 	 0.200000
500 	 39 	 40350
500 	 40 	 5 	 -1.000000 	 0.200000
500 	 40 	 40650
500 	 41 	 5 	 -1.000000 	 0.200000
500 	 41 	 43050
500 	 43 	 5 	 -1.000000 	 0.200000
500 	 43 	 36000
500 	 42 	 5 	 -1.000000 	 0.200000
500 	 42 	 40200
500 	 44 	 5 	 -1.000000 	 0.200000
500 	 44 	 41250
500 	 45 	 5 	 -1.000000 	 0.200000
500 	 45 	 41400
500 	 47 	 5 	 -1.000000 	 0.200000
500 	 47 	 40500
500 	 46 	 5 	 -1.000000 	 0.200000
500 	 46 	 43050
500 	 48 	 5 	 -1.000000 	 0.200000
500 	 48 	 39750
500 	 49 	 5 	 -1.000000 	 0.200000
500 	 49 	 39900
500 	 50 	 5 	 -1.000000 	 0.200000
500 	 50 	 41400
500 	 51 	 5 	 -1.000000 	 0.200000
500 	 51 	 42750
500 	 52 	 5 	 -1.000000 	 0.200000
500 	 52 	 40950
500 	 53 	 5 	 -1.000000 	 0.200000
500 	 53 	 41850
500 	 55 	 5 	 -1.000000 	 0.200000
500 	 55 	 38550
500 	 54 	 5 	 -1.000000 	 0.200000
500 	 54 	 40950
500 	 56 	 5 	 -1.000000 	 0.200000
500 	 56 	 39900
500 	 59 	 5 	 -1.000000 	 0.200000
500 	 59 	 39600
500 	 58 	 5 	 -1.000000 	 0.200000
500 	 58 	 41250
500 	 57 	 5 	 -1.000000 	 0.200000
500 	 57 	 45300
500 	 60 	 5 	 -1.000000 	 0.200000
500 	 60 	 40050
500 	 62 	 5 	 -1.000000 	 0.200000
500 	 62 	 38550
500 	 61 	 5 	 -1.000000 	 0.200000
500 	 61 	 41700
500 	 63 	 5 	 -1.000000 	 0.200000
500 	 63 	 42000
500 	 64 	 5 	 -1.000000 	 0.200000
500 	 64 	 40950
500 	 65 	 5 	 -1.000000 	 0.200000
500 	 65 	 38850
500 	 66 	 5 	 -1.000000 	 0.200000
500 	 66 	 39300
500 	 67 	 5 	 -1.000000 	 0.200000
500 	 67 	 44700
500 	 68 	 5 	 -1.000000 	 0.200000
500 	 68 	 42600
500 	 69 	 5 	 -1.000000 	 0.200000
500 	 69 	 41250
500 	 70 	 5 	 -1.000000 	 0.200000
500 	 70 	 40950
500 	 71 	 5 	 -1.000000 	 0.200000
500 	 71 	 43350
500 	 72 	 5 	 -1.000000 	 0.200000
500 	 72 	 41700
500 	 74 	 5 	 -1.000000 	 0.200000
500 	 74 	 39000
500 	 73 	 5 	 -1.000000 	 0.200000
500 	 73 	 40500
500 	 75 	 5 	 -1.000000 	 0.200000
500 	 75 	 40800
500 	 77 	 5 	 -1.000000 	 0.200000
500 	 77 	 36900
500 	 76 	 5 	 -1.000000 	 0.200000
500 	 76 	 42900
500 	 78 	 5 	 -1.000000 	 0.200000
500 	 78 	 44400
500 	 80 	 5 	 -1.000000 	 0.200000
500 	 80 	 35850
500 	 79 	 5 	 -1.000000 	 0.200000
500 	 79 	 40200
500 	 81 	 5 	 -1.000000 	 0.200000
500 	 81 	 41550
500 	 82 	 5 	 -1.000000 	 0.200000
500 	 82 	 39750
500 	 83 	 5 	 -1.000000 	 0.200000
500 	 83 	 40950
500 	 84 	 5 	 -1.000000 	 0.200000
500 	 84 	 41250
500 	 85 	 5 	 -1.000000 	 0.200000
500 	 85 	 42000
500 	 86 	 5 	 -1.000000 	 0.200000
500 	 86 	 39600
500 	 87 	 5 	 -1.000000 	 0.200000
500 	 87 	 38100
500 	 88 	 5 	 -1.000000 	 0.200000
500 	 88 	 40500
500 	 89 	 5 	 -1.000000 	 0.200000
500 	 89 	 39600
500 	 90 	 5 	 -1.000000 	 0.200000
500 	 90 	 40350
500 	 92 	 5 	 -1.000000 	 0.200000
500 	 92 	 37950
500 	 91 	 5 	 -1.000000 	 0.200000
500 	 91 	 42600
500 	 93 	 5 	 -1.000000 	 0.200000
500 	 93 	 36450
500 	 94 	 5 	 -1.000000 	 0.200000
500 	 94 	 44550
500 	 95 	 5 	 -1.000000 	 0.200000
500 	 95 	 40950
500 	 96 	 5 	 -1.000000 	 0.200000
500 	 96 	 42300
500 	 97 	 5 	 -1.000000 	 0.200000
500 	 97 	 41400
500 	 98 	 5 	 -1.000000 	 0.200000
500 	 98 	 41250
500 	 99 	 5 	 -1.000000 	 0.200000
500 	 99 	 40650
500 	 100 	 5 	 -1.000000 	 0.200000
500 	 100 	 39600
600 	 1 	 5 	 -1.000000 	 0.200000
600 	 1 	 50100
600 	 2 	 5 	 -1.000000 	 0.200000
600 	 2 	 47550
600 	 3 	 5 	 -1.000000 	 0.200000
600 	 3 	 49350
600 	 4 	 5 	 -1.000000 	 0.200000
600 	 4 	 49950
600 	 5 	 5 	 -1.000000 	 0.200000
600 	 5 	 50550
600 	 7 	 5 	 -1.000000 	 0.200000
600 	 7 	 48300
600 	 6 	 5 	 -1.000000 	 0.200000
600 	 6 	 52650
600 	 8 	 5 	 -1.000000 	 0.200000
600 	 8 	 50550
600 	 9 	 5 	 -1.000000 	 0.200000
600 	 9 	 48900
600 	 11 	 5 	 -1.000000 	 0.200000
600 	 11 	 47400
600 	 12 	 5 	 -1.000000 	 0.200000
600 	 12 	 48300
600 	 10 	 5 	 -1.000000 	 0.200000
600 	 10 	 52950
600 	 13 	 5 	 -1.000000 	 0.200000
600 	 13 	 52650
600 	 14 	 5 	 -1.000000 	 0.200000
600 	 14 	 51000
600 	 15 	 5 	 -1.000000 	 0.200000
600 	 15 	 51150
600 	 16 	 5 	 -1.000000 	 0.200000
600 	 16 	 50550
600 	 18 	 5 	 -1.000000 	 0.200000
600 	 18 	 49650
600 	 17 	 5 	 -1.000000 	 0.200000
600 	 17 	 53850
600 	 19 	 5 	 -1.000000 	 0.200000
600 	 19 	 47700
600 	 20 	 5 	 -1.000000 	 0.200000
600 	 20 	 49350
600 	 21 	 5 	 -1.000000 	 0.200000
600 	 21 	 48300
600 	 22 	 5 	 -1.000000 	 0.200000
600 	 22 	 49800
600 	 23 	 5 	 -1.000000 	 0.200000
600 	 23 	 51600
600 	 24 	 5 	 -1.000000 	 0.200000
600 	 24 	 55950
600 	 25 	 5 	 -1.000000 	 0.200000
600 	 25 	 49650
600 	 26 	 5 	 -1.000000 	 0.200000
600 	 26 	 48750
600 	 27 	 5 	 -1.000000 	 0.200000
600 	 27 	 51150
600 	 28 	 5 	 -1.000000 	 0.200000
600 	 28 	 51750
600 	 29 	 5 	 -1.000000 	 0.200000
600 	 29 	 50100
600 	 30 	 5 	 -1.000000 	 0.200000
600 	 30 	 48900
600 	 31 	 5 	 -1.000000 	 0.200000
600 	 31 	 48150
600 	 32 	 5 	 -1.000000 	 0.200000
600 	 32 	 52050
600 	 33 	 5 	 -1.000000 	 0.200000
600 	 33 	 48750
600 	 34 	 5 	 -1.000000 	 0.200000
600 	 34 	 50550
600 	 35 	 5 	 -1.000000 	 0.200000
600 	 35 	 48750
600 	 38 	 5 	 -1.000000 	 0.200000
600 	 38 	 44550
600 	 37 	 5 	 -1.000000 	 0.200000
600 	 37 	 50400
600 	 39 	 5 	 -1.000000 	 0.200000
600 	 39 	 51900
600 	 36 	 5 	 -1.000000 	 0.200000
600 	 36 	 58800
600 	 40 	 5 	 -1.000000 	 0.200000
600 	 40 	 52200
600 	 41 	 5 	 -1.000000 	 0.200000
600 	 41 	 49200
600 	 43 	 5 	 -1.000000 	 0.200000
600 	 43 	 46950
600 	 42 	 5 	 -1.000000 	 0.200000
600 	 42 	 51900
600 	 44 	 5 	 -1.000000 	 0.200000
600 	 44 	 47850
600 	 45 	 5 	 -1.000000 	 0.200000
600 	 45 	 53400
600 	 46 	 5 	 -1.000000 	 0.200000
600 	 46 	 50850
600 	 47 	 5 	 -1.000000 	 0.200000
600 	 47 	 53550
600 	 48 	 5 	 -1.000000 	 0.200000
600 	 48 	 45750
600 	 50 	 5 	 -1.000000 	 0.200000
600 	 50 	 52050
600 	 51 	 5 	 -1.000000 	 0.200000
600 	 51 	 49650
600 	 49 	 5 	 -1.000000 	 0.200000
600 	 49 	 57150
600 	 52 	 5 	 -1.000000 	 0.200000
600 	 52 	 50400
600 	 53 	 5 	 -1.000000 	 0.200000
600 	 53 	 51000
600 	 55 	 5 	 -1.000000 	 0.200000
600 	 55 	 53100
600 	 54 	 5 	 -1.000000 	 0.200000
600 	 54 	 53100
600 	 56 	 5 	 -1.000000 	 0.200000
600 	 56 	 48300
600 	 57 	 5 	 -1.000000 	 0.200000
600 	 57 	 49350
600 	 58 	 5 	 -1.000000 	 0.200000
600 	 58 	 48900
600 	 59 	 5 	 -1.000000 	 0.200000
600 	 59 	 51450
600 	 60 	 5 	 -1.000000 	 0.200000
600 	 60 	 53400
600 	 61 	 5 	 -1.000000 	 0.200000
600 	 61 	 50250
600 	 62 	 5 	 -1.000000 	 0.200000
600 	 62 	 51000
600 	 63 	 5 	 -1.000000 	 0.200000
600 	 63 	 51300
600 	 64 	 5 	 -1.000000 	 0.200000
600 	 64 	 50700
600 	 65 	 5 	 -1.000000 	 0.200000
600 	 65 	 51000
600 	 66 	 5 	 -1.000000 	 0.200000
600 	 66 	 48600
600 	 67 	 5 	 -1.000000 	 0.200000
600 	 67 	 51150
600 	 68 	 5 	 -1.000000 	 0.200000
600 	 68 	 47550
600 	 69 	 5 	 -1.000000 	 0.200000
600 	 69 	 51750
600 	 70 	 5 	 -1.000000 	 0.200000
600 	 70 	 50700
600 	 72 	 5 	 -1.000000 	 0.200000
600 	 72 	 50100
600 	 71 	 5 	 -1.000000 	 0.200000
600 	 71 	 55050
600 	 73 	 5 	 -1.000000 	 0.200000
600 	 73 	 47550
600 	 74 	 5 	 -1.000000 	 0.200000
600 	 74 	 49050
600 	 75 	 5 	 -1.000000 	 0.200000
600 	 75 	 48300
600 	 76 	 5 	 -1.000000 	 0.200000
600 	 76 	 50400
600 	 77 	 5 	 -1.000000 	 0.200000
600 	 77 	 54000
600 	 78 	 5 	 -1.000000 	 0.200000
600 	 78 	 50550
600 	 79 	 5 	 -1.000000 	 0.200000
600 	 79 	 55350
600 	 80 	 5 	 -1.000000 	 0.200000
600 	 80 	 49950
600 	 81 	 5 	 -1.000000 	 0.200000
600 	 81 	 48600
600 	 82 	 5 	 -1.000000 	 0.200000
600 	 82 	 54600
600 	 84 	 5 	 -1.000000 	 0.200000
600 	 84 	 52500
600 	 85 	 5 	 -1.000000 	 0.200000
600 	 85 	 47700
600 	 83 	 5 	 -1.000000 	 0.200000
600 	 83 	 64350
600 	 86 	 5 	 -1.000000 	 0.200000
600 	 86 	 53850
600 	 88 	 5 	 -1.000000 	 0.200000
600 	 88 	 51750
600 	 87 	 5 	 -1.000000 	 0.200000
600 	 87 	 53850
600 	 90 	 5 	 -1.000000 	 0.200000
600 	 90 	 49200
600 	 89 	 5 	 -1.000000 	 0.200000
600 	 89 	 53550
600 	 91 	 5 	 -1.000000 	 0.200000
600 	 91 	 47850
600 	 92 	 5 	 -1.000000 	 0.200000
600 	 92 	 53550
600 	 93 	 5 	 -1.000000 	 0.200000
600 	 93 	 51000
600 	 94 	 5 	 -1.000000 	 0.200000
600 	 94 	 49500
600 	 95 	 5 	 -1.000000 	 0.200000
600 	 95 	 51900
600 	 96 	 5 	 -1.000000 	 0.200000
600 	 96 	 51000
600 	 97 	 5 	 -1.000000 	 0.200000
600 	 97 	 49650
600 	 98 	 5 	 -1.000000 	 0.200000
600 	 98 	 51450
600 	 99 	 5 	 -1.000000 	 0.200000
600 	 99 	 48000
600 	 100 	 5 	 -1.000000 	 0.200000
600 	 100 	 52350
700 	 2 	 5 	 -1.000000 	 0.200000
700 	 2 	 56550
700 	 1 	 5 	 -1.000000 	 0.200000
700 	 1 	 63600
700 	 3 	 5 	 -1.000000 	 0.200000
700 	 3 	 60300
700 	 4 	 5 	 -1.000000 	 0.200000
700 	 4 	 58950
700 	 5 	 5 	 -1.000000 	 0.200000
700 	 5 	 57150
700 	 6 	 5 	 -1.000000 	 0.200000
700 	 6 	 59400
700 	 7 	 5 	 -1.000000 	 0.200000
700 	 7 	 61200
700 	 8 	 5 	 -1.000000 	 0.200000
700 	 8 	 57750
700 	 9 	 5 	 -1.000000 	 0.200000
700 	 9 	 63600
700 	 10 	 5 	 -1.000000 	 0.200000
700 	 10 	 56850
700 	 11 	 5 	 -1.000000 	 0.200000
700 	 11 	 57900
700 	 12 	 5 	 -1.000000 	 0.200000
700 	 12 	 67650
700 	 14 	 5 	 -1.000000 	 0.200000
700 	 14 	 59700
700 	 13 	 5 	 -1.000000 	 0.200000
700 	 13 	 63000
700 	 15 	 5 	 -1.000000 	 0.200000
700 	 15 	 58800
700 	 16 	 5 	 -1.000000 	 0.200000
700 	 16 	 57450
700 	 17 	 5 	 -1.000000 	 0.200000
700 	 17 	 57000
700 	 18 	 5 	 -1.000000 	 0.200000
700 	 18 	 59250
700 	 19 	 5 	 -1.000000 	 0.200000
700 	 19 	 64650
700 	 20 	 5 	 -1.000000 	 0.200000
700 	 20 	 55650
700 	 22 	 5 	 -1.000000 	 0.200000
700 	 22 	 56850
700 	 21 	 5 	 -1.000000 	 0.200000
700 	 21 	 60450
700 	 24 	 5 	 -1.000000 	 0.200000
700 	 24 	 60300
700 	 23 	 5 	 -1.000000 	 0.200000
700 	 23 	 64800
700 	 25 	 5 	 -1.000000 	 0.200000
700 	 25 	 61050
700 	 26 	 5 	 -1.000000 	 0.200000
700 	 26 	 61500
700 	 27 	 5 	 -1.000000 	 0.200000
700 	 27 	 61650
700 	 28 	 5 	 -1.000000 	 0.200000
700 	 28 	 59100
700 	 30 	 5 	 -1.000000 	 0.200000
700 	 30 	 53700
700 	 29 	 5 	 -1.000000 	 0.200000
700 	 29 	 65250
700 	 31 	 5 	 -1.000000 	 0.200000
700 	 31 	 59700
700 	 32 	 5 	 -1.000000 	 0.200000
700 	 32 	 62700
700 	 33 	 5 	 -1.000000 	 0.200000
700 	 33 	 60000
700 	 34 	 5 	 -1.000000 	 0.200000
700 	 34 	 65100
700 	 35 	 5 	 -1.000000 	 0.200000
700 	 35 	 59400
700 	 36 	 5 	 -1.000000 	 0.200000
700 	 36 	 60300
700 	 37 	 5 	 -1.000000 	 0.200000
700 	 37 	 62250
700 	 38 	 5 	 -1.000000 	 0.200000
700 	 38 	 60750
700 	 40 	 5 	 -1.000000 	 0.200000
700 	 40 	 56850
700 	 39 	 5 	 -1.000000 	 0.200000
700 	 39 	 68100
700 	 41 	 5 	 -1.000000 	 0.200000
700 	 41 	 60900
700 	 42 	 5 	 -1.000000 	 0.200000
700 	 42 	 60150
700 	 43 	 5 	 -1.000000 	 0.200000
700 	 43 	 58350
700 	 44 	 5 	 -1.000000 	 0.200000
700 	 44 	 53850
700 	 45 	 5 	 -1.000000 	 0.200000
700 	 45 	 62250
700 	 47 	 5 	 -1.000000 	 0.200000
700 	 47 	 57750
700 	 48 	 5 	 -1.000000 	 0.200000
700 	 48 	 55950
700 	 46 	 5 	 -1.000000 	 0.200000
700 	 46 	 63000
700 	 49 	 5 	 -1.000000 	 0.200000
700 	 49 	 58200
700 	 52 	 5 	 -1.000000 	 0.200000
700 	 52 	 58350
700 	 51 	 5 	 -1.000000 	 0.200000
700 	 51 	 61200
700 	 50 	 5 	 -1.000000 	 0.200000
700 	 50 	 61350
700 	 53 	 5 	 -1.000000 	 0.200000
700 	 53 	 57750
700 	 55 	 5 	 -1.000000 	 0.200000
700 	 55 	 58050
700 	 54 	 5 	 -1.000000 	 0.200000
700 	 54 	 62100
700 	 56 	 5 	 -1.000000 	 0.200000
700 	 56 	 64350
700 	 57 	 5 	 -1.000000 	 0.200000
700 	 57 	 62400
700 	 58 	 5 	 -1.000000 	 0.200000
700 	 58 	 57600
700 	 60 	 5 	 -1.000000 	 0.200000
700 	 60 	 59250
700 	 59 	 5 	 -1.000000 	 0.200000
700 	 59 	 63600
700 	 61 	 5 	 -1.000000 	 0.200000
700 	 61 	 57900
700 	 62 	 5 	 -1.000000 	 0.200000
700 	 62 	 63900
700 	 63 	 5 	 -1.000000 	 0.200000
700 	 63 	 58200
700 	 65 	 5 	 -1.000000 	 0.200000
700 	 65 	 53400
700 	 64 	 5 	 -1.000000 	 0.200000
700 	 64 	 61950
700 	 66 	 5 	 -1.000000 	 0.200000
700 	 66 	 58200
700 	 67 	 5 	 -1.000000 	 0.200000
700 	 67 	 61200
700 	 68 	 5 	 -1.000000 	 0.200000
700 	 68 	 59100
700 	 69 	 5 	 -1.000000 	 0.200000
700 	 69 	 58350
700 	 70 	 5 	 -1.000000 	 0.200000
700 	 70 	 55200
700 	 72 	 5 	 -1.000000 	 0.200000
700 	 72 	 53250
700 	 73 	 5 	 -1.000000 	 0.200000
700 	 73 	 54000
700 	 71 	 5 	 -1.000000 	 0.200000
700 	 71 	 59100
700 	 74 	 5 	 -1.000000 	 0.200000
700 	 74 	 60150
700 	 75 	 5 	 -1.000000 	 0.200000
700 	 75 	 57900
700 	 77 	 5 	 -1.000000 	 0.200000
700 	 77 	 58650
700 	 76 	 5 	 -1.000000 	 0.200000
700 	 76 	 61800
700 	 78 	 5 	 -1.000000 	 0.200000
700 	 78 	 57150
700 	 79 	 5 	 -1.000000 	 0.200000
700 	 79 	 57900
700 	 80 	 5 	 -1.000000 	 0.200000
700 	 80 	 56850
700 	 81 	 5 	 -1.000000 	 0.200000
700 	 81 	 62400
700 	 82 	 5 	 -1.000000 	 0.200000
700 	 82 	 61350
700 	 83 	 5 	 -1.000000 	 0.200000
700 	 83 	 61350
700 	 84 	 5 	 -1.000000 	 0.200000
700 	 84 	 60750
700 	 85 	 5 	 -1.000000 	 0.200000
700 	 85 	 56250
700 	 86 	 5 	 -1.000000 	 0.200000
700 	 86 	 56700
700 	 88 	 5 	 -1.000000 	 0.200000
700 	 88 	 63900
700 	 87 	 5 	 -1.000000 	 0.200000
700 	 87 	 64050
700 	 89 	 5 	 -1.000000 	 0.200000
700 	 89 	 63750
700 	 90 	 5 	 -1.000000 	 0.200000
700 	 90 	 61500
700 	 91 	 5 	 -1.000000 	 0.200000
700 	 91 	 55800
700 	 92 	 5 	 -1.000000 	 0.200000
700 	 92 	 58650
700 	 93 	 5 	 -1.000000 	 0.200000
700 	 93 	 56850
700 	 94 	 5 	 -1.000000 	 0.200000
700 	 94 	 58950
700 	 95 	 5 	 -1.000000 	 0.200000
700 	 95 	 54750
700 	 96 	 5 	 -1.000000 	 0.200000
700 	 96 	 60750
700 	 97 	 5 	 -1.000000 	 0.200000
700 	 97 	 60750
700 	 98 	 5 	 -1.000000 	 0.200000
700 	 98 	 64050
700 	 99 	 5 	 -1.000000 	 0.200000
700 	 99 	 67950
700 	 100 	 5 	 -1.000000 	 0.200000
700 	 100 	 62850
800 	 1 	 5 	 -1.000000 	 0.200000
800 	 1 	 73950
800 	 2 	 5 	 -1.000000 	 0.200000
800 	 2 	 72300
800 	 4 	 5 	 -1.000000 	 0.200000
800 	 4 	 71400
800 	 3 	 5 	 -1.000000 	 0.200000
800 	 3 	 71400
800 	 5 	 5 	 -1.000000 	 0.200000
800 	 5 	 66450
800 	 6 	 5 	 -1.000000 	 0.200000
800 	 6 	 68100
800 	 7 	 5 	 -1.000000 	 0.200000
800 	 7 	 63450
800 	 8 	 5 	 -1.000000 	 0.200000
800 	 8 	 69150
800 	 9 	 5 	 -1.000000 	 0.200000
800 	 9 	 68100
800 	 10 	 5 	 -1.000000 	 0.200000
800 	 10 	 69000
800 	 11 	 5 	 -1.000000 	 0.200000
800 	 11 	 69750
800 	 12 	 5 	 -1.000000 	 0.200000
800 	 12 	 70200
800 	 13 	 5 	 -1.000000 	 0.200000
800 	 13 	 70200
800 	 14 	 5 	 -1.000000 	 0.200000
800 	 14 	 65250
800 	 15 	 5 	 -1.000000 	 0.200000
800 	 15 	 72450
800 	 16 	 5 	 -1.000000 	 0.200000
800 	 16 	 67200
800 	 17 	 5 	 -1.000000 	 0.200000
800 	 17 	 66450
800 	 18 	 5 	 -1.000000 	 0.200000
800 	 18 	 70350
800 	 20 	 5 	 -1.000000 	 0.200000
800 	 20 	 66300
800 	 19 	 5 	 -1.000000 	 0.200000
800 	 19 	 66900
800 	 21 	 5 	 -1.000000 	 0.200000
800 	 21 	 74400
800 	 22 	 5 	 -1.000000 	 0.200000
800 	 22 	 68400
800 	 23 	 5 	 -1.000000 	 0.200000
800 	 23 	 70200
800 	 25 	 5 	 -1.000000 	 0.200000
800 	 25 	 61500
800 	 24 	 5 	 -1.000000 	 0.200000
800 	 24 	 71700
800 	 29 	 5 	 -1.000000 	 0.200000
800 	 29 	 61800
800 	 26 	 5 	 -1.000000 	 0.200000
800 	 26 	 74850
800 	 28 	 5 	 -1.000000 	 0.200000
800 	 28 	 64950
800 	 27 	 5 	 -1.000000 	 0.200000
800 	 27 	 69150
800 	 30 	 5 	 -1.000000 	 0.200000
800 	 30 	 65400
800 	 31 	 5 	 -1.000000 	 0.200000
800 	 31 	 64950
800 	 32 	 5 	 -1.000000 	 0.200000
800 	 32 	 65850
800 	 33 	 5 	 -1.000000 	 0.200000
800 	 33 	 63000
800 	 34 	 5 	 -1.000000 	 0.200000
800 	 34 	 66900
800 	 37 	 5 	 -1.000000 	 0.200000
800 	 37 	 64200
800 	 35 	 5 	 -1.000000 	 0.200000
800 	 35 	 68700
800 	 36 	 5 	 -1.000000 	 0.200000
800 	 36 	 69900
800 	 39 	 5 	 -1.000000 	 0.200000
800 	 39 	 61950
800 	 38 	 5 	 -1.000000 	 0.200000
800 	 38 	 67500
800 	 40 	 5 	 -1.000000 	 0.200000
800 	 40 	 69600
800 	 41 	 5 	 -1.000000 	 0.200000
800 	 41 	 68400
800 	 42 	 5 	 -1.000000 	 0.200000
800 	 42 	 67050
800 	 43 	 5 	 -1.000000 	 0.200000
800 	 43 	 67500
800 	 44 	 5 	 -1.000000 	 0.200000
800 	 44 	 63300
800 	 45 	 5 	 -1.000000 	 0.200000
800 	 45 	 67650
800 	 47 	 5 	 -1.000000 	 0.200000
800 	 47 	 66150
800 	 46 	 5 	 -1.000000 	 0.200000
800 	 46 	 72450
800 	 49 	 5 	 -1.000000 	 0.200000
800 	 49 	 64050
800 	 48 	 5 	 -1.000000 	 0.200000
800 	 48 	 78750
800 	 51 	 5 	 -1.000000 	 0.200000
800 	 51 	 68100
800 	 52 	 5 	 -1.000000 	 0.200000
800 	 52 	 64950
800 	 50 	 5 	 -1.000000 	 0.200000
800 	 50 	 79350
800 	 53 	 5 	 -1.000000 	 0.200000
800 	 53 	 67950
800 	 55 	 5 	 -1.000000 	 0.200000
800 	 55 	 64650
800 	 54 	 5 	 -1.000000 	 0.200000
800 	 54 	 67500
800 	 57 	 5 	 -1.000000 	 0.200000
800 	 57 	 68100
800 	 56 	 5 	 -1.000000 	 0.200000
800 	 56 	 72600
800 	 59 	 5 	 -1.000000 	 0.200000
800 	 59 	 68550
800 	 58 	 5 	 -1.000000 	 0.200000
800 	 58 	 70500
800 	 60 	 5 	 -1.000000 	 0.200000
800 	 60 	 67650
800 	 61 	 5 	 -1.000000 	 0.200000
800 	 61 	 65850
800 	 62 	 5 	 -1.000000 	 0.200000
800 	 62 	 64350
800 	 63 	 5 	 -1.000000 	 0.200000
800 	 63 	 66900
800 	 65 	 5 	 -1.000000 	 0.200000
800 	 65 	 65550
800 	 64 	 5 	 -1.000000 	 0.200000
800 	 64 	 67500
800 	 67 	 5 	 -1.000000 	 0.200000
800 	 67 	 71700
800 	 66 	 5 	 -1.000000 	 0.200000
800 	 66 	 75750
800 	 69 	 5 	 -1.000000 	 0.200000
800 	 69 	 63750
800 	 68 	 5 	 -1.000000 	 0.200000
800 	 68 	 71100
800 	 70 	 5 	 -1.000000 	 0.200000
800 	 70 	 69600
800 	 72 	 5 	 -1.000000 	 0.200000
800 	 72 	 68100
800 	 73 	 5 	 -1.000000 	 0.200000
800 	 73 	 66300
800 	 71 	 5 	 -1.000000 	 0.200000
800 	 71 	 73800
800 	 74 	 5 	 -1.000000 	 0.200000
800 	 74 	 68250
800 	 77 	 5 	 -1.000000 	 0.200000
800 	 77 	 63150
800 	 75 	 5 	 -1.000000 	 0.200000
800 	 75 	 69900
800 	 76 	 5 	 -1.000000 	 0.200000
800 	 76 	 72450
800 	 78 	 5 	 -1.000000 	 0.200000
800 	 78 	 65700
800 	 79 	 5 	 -1.000000 	 0.200000
800 	 79 	 68100
800 	 80 	 5 	 -1.000000 	 0.200000
800 	 80 	 70500
800 	 81 	 5 	 -1.000000 	 0.200000
800 	 81 	 71550
800 	 82 	 5 	 -1.000000 	 0.200000
800 	 82 	 69000
800 	 83 	 5 	 -1.000000 	 0.200000
800 	 83 	 67050
800 	 84 	 5 	 -1.000000 	 0.200000
800 	 84 	 69300
800 	 85 	 5 	 -1.000000 	 0.200000
800 	 85 	 67350
800 	 86 	 5 	 -1.000000 	 0.200000
800 	 86 	 67650
800 	 88 	 5 	 -1.000000 	 0.200000
800 	 88 	 65400
800 	 87 	 5 	 -1.000000 	 0.200000
800 	 87 	 75600
800 	 89 	 5 	 -1.000000 	 0.200000
800 	 89 	 66000
800 	 90 	 5 	 -1.000000 	 0.200000
800 	 90 	 70500
800 	 91 	 5 	 -1.000000 	 0.200000
800 	 91 	 66150
800 	 93 	 5 	 -1.000000 	 0.200000
800 	 93 	 67950
800 	 92 	 5 	 -1.000000 	 0.200000
800 	 92 	 80700
800 	 95 	 5 	 -1.000000 	 0.200000
800 	 95 	 65700
800 	 94 	 5 	 -1.000000 	 0.200000
800 	 94 	 71700
800 	 96 	 5 	 -1.000000 	 0.200000
800 	 96 	 66900
800 	 97 	 5 	 -1.000000 	 0.200000
800 	 97 	 66900
800 	 98 	 5 	 -1.000000 	 0.200000
800 	 98 	 65850
800 	 99 	 5 	 -1.000000 	 0.200000
800 	 99 	 70350
800 	 100 	 5 	 -1.000000 	 0.200000
800 	 100 	 69300
900 	 1 	 5 	 -1.000000 	 0.200000
900 	 1 	 83700
900 	 2 	 5 	 -1.000000 	 0.200000
900 	 2 	 76200
900 	 4 	 5 	 -1.000000 	 0.200000
900 	 4 	 72600
900 	 3 	 5 	 -1.000000 	 0.200000
900 	 3 	 76650
900 	 5 	 5 	 -1.000000 	 0.200000
900 	 5 	 76050
900 	 6 	 5 	 -1.000000 	 0.200000
900 	 6 	 75600
900 	 8 	 5 	 -1.000000 	 0.200000
900 	 8 	 72600
900 	 7 	 5 	 -1.000000 	 0.200000
900 	 7 	 74850
900 	 11 	 5 	 -1.000000 	 0.200000
900 	 11 	 71250
900 	 9 	 5 	 -1.000000 	 0.200000
900 	 9 	 75750
900 	 12 	 5 	 -1.000000 	 0.200000
900 	 12 	 76200
900 	 10 	 5 	 -1.000000 	 0.200000
900 	 10 	 79800
900 	 13 	 5 	 -1.000000 	 0.200000
900 	 13 	 75000
900 	 14 	 5 	 -1.000000 	 0.200000
900 	 14 	 74250
900 	 15 	 5 	 -1.000000 	 0.200000
900 	 15 	 77700
900 	 16 	 5 	 -1.000000 	 0.200000
900 	 16 	 78000
900 	 17 	 5 	 -1.000000 	 0.200000
900 	 17 	 72000
900 	 18 	 5 	 -1.000000 	 0.200000
900 	 18 	 75450
900 	 20 	 5 	 -1.000000 	 0.200000
900 	 20 	 72300
900 	 19 	 5 	 -1.000000 	 0.200000
900 	 19 	 75900
900 	 21 	 5 	 -1.000000 	 0.200000
900 	 21 	 72450
900 	 22 	 5 	 -1.000000 	 0.200000
900 	 22 	 79050
900 	 23 	 5 	 -1.000000 	 0.200000
900 	 23 	 78300
900 	 24 	 5 	 -1.000000 	 0.200000
900 	 24 	 78600
900 	 25 	 5 	 -1.000000 	 0.200000
900 	 25 	 76350
900 	 27 	 5 	 -1.000000 	 0.200000
900 	 27 	 70800
900 	 26 	 5 	 -1.000000 	 0.200000
900 	 26 	 74850
900 	 28 	 5 	 -1.000000 	 0.200000
900 	 28 	 79800
900 	 29 	 5 	 -1.000000 	 0.200000
900 	 29 	 76650
900 	 30 	 5 	 -1.000000 	 0.200000
900 	 30 	 75750
900 	 31 	 5 	 -1.000000 	 0.200000
900 	 31 	 77250
900 	 32 	 5 	 -1.000000 	 0.200000
900 	 32 	 79350
900 	 33 	 5 	 -1.000000 	 0.200000
900 	 33 	 73650
900 	 35 	 5 	 -1.000000 	 0.200000
900 	 35 	 73500
900 	 34 	 5 	 -1.000000 	 0.200000
900 	 34 	 85500
900 	 36 	 5 	 -1.000000 	 0.200000
900 	 36 	 79200
900 	 37 	 5 	 -1.000000 	 0.200000
900 	 37 	 77700
900 	 38 	 5 	 -1.000000 	 0.200000
900 	 38 	 75450
900 	 40 	 5 	 -1.000000 	 0.200000
900 	 40 	 76650
900 	 39 	 5 	 -1.000000 	 0.200000
900 	 39 	 81300
900 	 41 	 5 	 -1.000000 	 0.200000
900 	 41 	 78600
900 	 42 	 5 	 -1.000000 	 0.200000
900 	 42 	 73050
900 	 43 	 5 	 -1.000000 	 0.200000
900 	 43 	 76800
900 	 44 	 5 	 -1.000000 	 0.200000
900 	 44 	 77850
900 	 46 	 5 	 -1.000000 	 0.200000
900 	 46 	 72600
900 	 45 	 5 	 -1.000000 	 0.200000
900 	 45 	 79500
900 	 48 	 5 	 -1.000000 	 0.200000
900 	 48 	 76500
900 	 47 	 5 	 -1.000000 	 0.200000
900 	 47 	 79650
900 	 49 	 5 	 -1.000000 	 0.200000
900 	 49 	 75450
900 	 50 	 5 	 -1.000000 	 0.200000
900 	 50 	 79200
900 	 51 	 5 	 -1.000000 	 0.200000
900 	 51 	 75600
900 	 53 	 5 	 -1.000000 	 0.200000
900 	 53 	 82800
900 	 52 	 5 	 -1.000000 	 0.200000
900 	 52 	 84450
900 	 54 	 5 	 -1.000000 	 0.200000
900 	 54 	 81600
900 	 55 	 5 	 -1.000000 	 0.200000
900 	 55 	 77250
900 	 56 	 5 	 -1.000000 	 0.200000
900 	 56 	 74400
900 	 57 	 5 	 -1.000000 	 0.200000
900 	 57 	 76650
900 	 58 	 5 	 -1.000000 	 0.200000
900 	 58 	 71850
900 	 59 	 5 	 -1.000000 	 0.200000
900 	 59 	 73200
900 	 61 	 5 	 -1.000000 	 0.200000
900 	 61 	 74100
900 	 62 	 5 	 -1.000000 	 0.200000
900 	 62 	 74850
900 	 60 	 5 	 -1.000000 	 0.200000
900 	 60 	 79500
900 	 63 	 5 	 -1.000000 	 0.200000
900 	 63 	 80400
900 	 64 	 5 	 -1.000000 	 0.200000
900 	 64 	 75750
900 	 65 	 5 	 -1.000000 	 0.200000
900 	 65 	 75900
900 	 66 	 5 	 -1.000000 	 0.200000
900 	 66 	 79800
900 	 67 	 5 	 -1.000000 	 0.200000
900 	 67 	 75900
900 	 68 	 5 	 -1.000000 	 0.200000
900 	 68 	 75750
900 	 70 	 5 	 -1.000000 	 0.200000
900 	 70 	 72750
900 	 69 	 5 	 -1.000000 	 0.200000
900 	 69 	 81750
900 	 71 	 5 	 -1.000000 	 0.200000
900 	 71 	 76800
900 	 72 	 5 	 -1.000000 	 0.200000
900 	 72 	 68550
900 	 73 	 5 	 -1.000000 	 0.200000
900 	 73 	 78150
900 	 74 	 5 	 -1.000000 	 0.200000
900 	 74 	 74250
900 	 75 	 5 	 -1.000000 	 0.200000
900 	 75 	 76950
900 	 76 	 5 	 -1.000000 	 0.200000
900 	 76 	 82950
900 	 77 	 5 	 -1.000000 	 0.200000
900 	 77 	 78600
900 	 78 	 5 	 -1.000000 	 0.200000
900 	 78 	 82050
900 	 79 	 5 	 -1.000000 	 0.200000
900 	 79 	 73050
900 	 80 	 5 	 -1.000000 	 0.200000
900 	 80 	 77250
900 	 81 	 5 	 -1.000000 	 0.200000
900 	 81 	 78450
900 	 82 	 5 	 -1.000000 	 0.200000
900 	 82 	 85050
900 	 83 	 5 	 -1.000000 	 0.200000
900 	 83 	 81000
900 	 84 	 5 	 -1.000000 	 0.200000
900 	 84 	 73800
900 	 85 	 5 	 -1.000000 	 0.200000
900 	 85 	 71100
900 	 87 	 5 	 -1.000000 	 0.200000
900 	 87 	 76200
900 	 86 	 5 	 -1.000000 	 0.200000
900 	 86 	 78300
900 	 89 	 5 	 -1.000000 	 0.200000
900 	 89 	 78300
900 	 88 	 5 	 -1.000000 	 0.200000
900 	 88 	 83100
900 	 90 	 5 	 -1.000000 	 0.200000
900 	 90 	 77100
900 	 91 	 5 	 -1.000000 	 0.200000
900 	 91 	 80550
900 	 92 	 5 	 -1.000000 	 0.200000
900 	 92 	 74250
900 	 93 	 5 	 -1.000000 	 0.200000
900 	 93 	 76650
900 	 94 	 5 	 -1.000000 	 0.200000
900 	 94 	 75450
900 	 95 	 5 	 -1.000000 	 0.200000
900 	 95 	 78300
900 	 96 	 5 	 -1.000000 	 0.200000
900 	 96 	 74250
900 	 97 	 5 	 -1.000000 	 0.200000
900 	 97 	 76050
900 	 98 	 5 	 -1.000000 	 0.200000
900 	 98 	 79950
900 	 99 	 5 	 -1.000000 	 0.200000
900 	 99 	 76050
900 	 100 	 5 	 -1.000000 	 0.200000
900 	 100 	 76950
1000 	 1 	 5 	 -1.000000 	 0.200000
1000 	 1 	 92400
1000 	 2 	 5 	 -1.000000 	 0.200000
1000 	 2 	 88500
1000 	 4 	 5 	 -1.000000 	 0.200000
1000 	 4 	 82500
1000 	 3 	 5 	 -1.000000 	 0.200000
1000 	 3 	 84600
1000 	 5 	 5 	 -1.000000 	 0.200000
1000 	 5 	 82200
1000 	 6 	 5 	 -1.000000 	 0.200000
1000 	 6 	 81600
1000 	 7 	 5 	 -1.000000 	 0.200000
1000 	 7 	 85500
1000 	 8 	 5 	 -1.000000 	 0.200000
1000 	 8 	 85050
1000 	 9 	 5 	 -1.000000 	 0.200000
1000 	 9 	 80700
1000 	 10 	 5 	 -1.000000 	 0.200000
1000 	 10 	 87450
1000 	 11 	 5 	 -1.000000 	 0.200000
1000 	 11 	 85800
1000 	 12 	 5 	 -1.000000 	 0.200000
1000 	 12 	 89100
1000 	 13 	 5 	 -1.000000 	 0.200000
1000 	 13 	 81300
1000 	 14 	 5 	 -1.000000 	 0.200000
1000 	 14 	 81000
1000 	 15 	 5 	 -1.000000 	 0.200000
1000 	 15 	 88950
1000 	 16 	 5 	 -1.000000 	 0.200000
1000 	 16 	 86250
1000 	 17 	 5 	 -1.000000 	 0.200000
1000 	 17 	 86850
1000 	 18 	 5 	 -1.000000 	 0.200000
1000 	 18 	 85950
1000 	 19 	 5 	 -1.000000 	 0.200000
1000 	 19 	 86400
1000 	 20 	 5 	 -1.000000 	 0.200000
1000 	 20 	 87000
1000 	 21 	 5 	 -1.000000 	 0.200000
1000 	 21 	 81450
1000 	 22 	 5 	 -1.000000 	 0.200000
1000 	 22 	 86100
1000 	 23 	 5 	 -1.000000 	 0.200000
1000 	 23 	 89100
1000 	 25 	 5 	 -1.000000 	 0.200000
1000 	 25 	 87600
1000 	 24 	 5 	 -1.000000 	 0.200000
1000 	 24 	 96750
1000 	 26 	 5 	 -1.000000 	 0.200000
1000 	 26 	 90450
1000 	 28 	 5 	 -1.000000 	 0.200000
1000 	 28 	 80550
1000 	 27 	 5 	 -1.000000 	 0.200000
1000 	 27 	 88050
1000 	 29 	 5 	 -1.000000 	 0.200000
1000 	 29 	 82950
1000 	 30 	 5 	 -1.000000 	 0.200000
1000 	 30 	 92700
1000 	 32 	 5 	 -1.000000 	 0.200000
1000 	 32 	 82950
1000 	 31 	 5 	 -1.000000 	 0.200000
1000 	 31 	 87900
1000 	 33 	 5 	 -1.000000 	 0.200000
1000 	 33 	 83850
1000 	 34 	 5 	 -1.000000 	 0.200000
1000 	 34 	 83700
1000 	 35 	 5 	 -1.000000 	 0.200000
1000 	 35 	 86400
1000 	 36 	 5 	 -1.000000 	 0.200000
1000 	 36 	 85650
1000 	 37 	 5 	 -1.000000 	 0.200000
1000 	 37 	 85650
1000 	 39 	 5 	 -1.000000 	 0.200000
1000 	 39 	 81600
1000 	 38 	 5 	 -1.000000 	 0.200000
1000 	 38 	 90450
1000 	 40 	 5 	 -1.000000 	 0.200000
1000 	 40 	 87150
1000 	 41 	 5 	 -1.000000 	 0.200000
1000 	 41 	 85650
1000 	 43 	 5 	 -1.000000 	 0.200000
1000 	 43 	 82350
1000 	 42 	 5 	 -1.000000 	 0.200000
1000 	 42 	 88500
1000 	 44 	 5 	 -1.000000 	 0.200000
1000 	 44 	 85500
1000 	 45 	 5 	 -1.000000 	 0.200000
1000 	 45 	 84900
1000 	 46 	 5 	 -1.000000 	 0.200000
1000 	 46 	 85650
1000 	 48 	 5 	 -1.000000 	 0.200000
1000 	 48 	 85650
1000 	 47 	 5 	 -1.000000 	 0.200000
1000 	 47 	 91200
1000 	 49 	 5 	 -1.000000 	 0.200000
1000 	 49 	 92850
1000 	 50 	 5 	 -1.000000 	 0.200000
1000 	 50 	 90000
1000 	 52 	 5 	 -1.000000 	 0.200000
1000 	 52 	 84150
1000 	 51 	 5 	 -1.000000 	 0.200000
1000 	 51 	 89550
1000 	 53 	 5 	 -1.000000 	 0.200000
1000 	 53 	 85800
1000 	 54 	 5 	 -1.000000 	 0.200000
1000 	 54 	 85650
1000 	 55 	 5 	 -1.000000 	 0.200000
1000 	 55 	 85050
1000 	 56 	 5 	 -1.000000 	 0.200000
1000 	 56 	 89550
1000 	 57 	 5 	 -1.000000 	 0.200000
1000 	 57 	 89400
1000 	 58 	 5 	 -1.000000 	 0.200000
1000 	 58 	 82950
1000 	 59 	 5 	 -1.000000 	 0.200000
1000 	 59 	 85950
1000 	 60 	 5 	 -1.000000 	 0.200000
1000 	 60 	 82500
1000 	 61 	 5 	 -1.000000 	 0.200000
1000 	 61 	 87750
1000 	 62 	 5 	 -1.000000 	 0.200000
1000 	 62 	 86250
1000 	 63 	 5 	 -1.000000 	 0.200000
1000 	 63 	 86700
1000 	 64 	 5 	 -1.000000 	 0.200000
1000 	 64 	 85650
1000 	 65 	 5 	 -1.000000 	 0.200000
1000 	 65 	 95250
1000 	 66 	 5 	 -1.000000 	 0.200000
1000 	 66 	 87750
1000 	 67 	 5 	 -1.000000 	 0.200000
1000 	 67 	 91800
1000 	 68 	 5 	 -1.000000 	 0.200000
1000 	 68 	 85050
1000 	 69 	 5 	 -1.000000 	 0.200000
1000 	 69 	 93900
1000 	 70 	 5 	 -1.000000 	 0.200000
1000 	 70 	 91200
1000 	 72 	 5 	 -1.000000 	 0.200000
1000 	 72 	 83250
1000 	 71 	 5 	 -1.000000 	 0.200000
1000 	 71 	 92250
1000 	 73 	 5 	 -1.000000 	 0.200000
1000 	 73 	 84150
1000 	 74 	 5 	 -1.000000 	 0.200000
1000 	 74 	 84600
1000 	 75 	 5 	 -1.000000 	 0.200000
1000 	 75 	 86400
1000 	 76 	 5 	 -1.000000 	 0.200000
1000 	 76 	 91950
1000 	 77 	 5 	 -1.000000 	 0.200000
1000 	 77 	 83100
1000 	 78 	 5 	 -1.000000 	 0.200000
1000 	 78 	 80550
1000 	 79 	 5 	 -1.000000 	 0.200000
1000 	 79 	 83850
1000 	 80 	 5 	 -1.000000 	 0.200000
1000 	 80 	 83700
1000 	 81 	 5 	 -1.000000 	 0.200000
1000 	 81 	 93600
1000 	 83 	 5 	 -1.000000 	 0.200000
1000 	 83 	 85650
1000 	 82 	 5 	 -1.000000 	 0.200000
1000 	 82 	 93300
1000 	 84 	 5 	 -1.000000 	 0.200000
1000 	 84 	 81600
1000 	 86 	 5 	 -1.000000 	 0.200000
1000 	 86 	 83850
1000 	 85 	 5 	 -1.000000 	 0.200000 
1000 	 85 	 93150
1000 	 88 	 5 	 -1.000000 	 0.200000
1000 	 88 	 83550
1000 	 87 	 5 	 -1.000000 	 0.200000
1000 	 87 	 91800
1000 	 89 	 5 	 -1.000000 	 0.200000
1000 	 89 	 88050
1000 	 90 	 5 	 -1.000000 	 0.200000
1000 	 90 	 82500
1000 	 92 	 5 	 -1.000000 	 0.200000
1000 	 92 	 83700
1000 	 91 	 5 	 -1.000000 	 0.200000
1000 	 91 	 86700
1000 	 93 	 5 	 -1.000000 	 0.200000
1000 	 93 	 80100
1000 	 96 	 5 	 -1.000000 	 0.200000
1000 	 96 	 81300
1000 	 95 	 5 	 -1.000000 	 0.200000
1000 	 95 	 85800
1000 	 94 	 5 	 -1.000000 	 0.200000
1000 	 94 	 91350
1000 	 99 	 5 	 -1.000000 	 0.200000
1000 	 99 	 84450
1000 	 97 	 5 	 -1.000000 	 0.200000
1000 	 97 	 92850
1000 	 100 	 5 	 -1.000000 	 0.200000
1000 	 100 	 84300
1000 	 98 	 5 	 -1.000000 	 0.200000
1000 	 98 	 90150
